,Player,Targets,RushingTDs,ReceivingTDs,Receptions,RushingAtt,RushingYds,ReceivingYds,FantasyPoints,ADP,Games,Usage,Touchdowns,TotYdsScrm,Production
0,Cooper Kupp,191.0,0.0,16.0,145.0,4.0,18.0,1947.0,295.0,3.5,17,19.764705882352942,16.0,1965.0,1.0
1,Deebo Samuel,121.0,8.0,6.0,77.0,59.0,365.0,1405.0,262.0,19.0,16,12.375,14.0,1770.0,1.0
2,Ja'Marr Chase,128.0,0.0,13.0,81.0,7.0,21.0,1455.0,224.0,9.3,17,12.294117647058824,13.0,1476.0,1.0
3,Justin Jefferson,167.0,0.0,10.0,108.0,6.0,14.0,1616.0,222.0,6.3,17,16.176470588235293,10.0,1630.0,1.0
4,Davante Adams,169.0,0.0,11.0,123.0,0.0,0.0,1553.0,221.0,11.5,16,18.25,11.0,1553.0,1.0
5,Mike Evans,114.0,0.0,14.0,74.0,1.0,10.0,1035.0,189.0,25.0,16,11.75,14.0,1045.0,1.0
6,Tyreek Hill,159.0,0.0,9.0,111.0,9.0,96.0,1239.0,186.0,21.8,17,15.882352941176471,9.0,1335.0,1.0
7,Stefon Diggs,164.0,0.0,10.0,103.0,0.0,0.0,1225.0,183.0,12.8,17,15.705882352941176,10.0,1225.0,1.0
8,Mike Williams,129.0,0.0,9.0,76.0,0.0,0.0,1146.0,171.0,49.3,16,12.8125,9.0,1146.0,1.0
9,D.K. Metcalf,129.0,0.0,12.0,75.0,1.0,6.0,967.0,169.0,,17,12.0,12.0,973.0,20.0
10,Tyler Lockett,107.0,0.0,8.0,73.0,2.0,9.0,1175.0,168.0,98.8,16,11.25,8.0,1184.0,1.0
11,Diontae Johnson,169.0,0.0,8.0,107.0,5.0,53.0,1161.0,167.0,43.0,16,17.25,8.0,1214.0,1.0
12,Hunter Renfrow,128.0,0.0,9.0,103.0,3.0,3.0,1038.0,156.0,81.3,17,13.588235294117647,9.0,1041.0,1.0
13,CeeDee Lamb,120.0,0.0,6.0,79.0,9.0,76.0,1102.0,154.0,17.5,16,12.4375,6.0,1178.0,1.0
14,Keenan Allen,157.0,0.0,6.0,106.0,0.0,0.0,1138.0,152.0,29.0,16,16.4375,6.0,1138.0,1.0
15,Michael Pittman Jr.,129.0,0.0,6.0,88.0,5.0,44.0,1082.0,151.0,37.5,17,12.764705882352942,6.0,1126.0,1.0
16,Tee Higgins,110.0,0.0,6.0,74.0,0.0,0.0,1091.0,145.0,30.8,14,13.142857142857142,6.0,1091.0,1.0
17,D.J. Moore,163.0,0.0,4.0,93.0,8.0,48.0,1157.0,145.0,,17,15.058823529411764,4.0,1205.0,22.0
18,Chris Godwin,127.0,1.0,5.0,98.0,4.0,21.0,1103.0,144.0,65.5,14,16.071428571428573,6.0,1124.0,1.0
19,Jaylen Waddle,140.0,1.0,6.0,104.0,2.0,3.0,1015.0,142.0,41.5,16,15.25,7.0,1018.0,1.0
20,Brandin Cooks,134.0,0.0,6.0,90.0,2.0,21.0,1037.0,142.0,62.0,16,14.0,6.0,1058.0,1.0
21,Darnell Mooney,140.0,1.0,4.0,81.0,6.0,32.0,1055.0,139.0,76.0,17,13.0,5.0,1087.0,1.0
22,Amon-Ra St. Brown,119.0,1.0,5.0,90.0,7.0,61.0,912.0,137.0,72.0,17,12.294117647058824,6.0,973.0,1.0
23,Terry McLaurin,130.0,0.0,5.0,77.0,1.0,12.0,1053.0,137.0,41.3,17,12.176470588235293,5.0,1065.0,1.0
24,Marquise Brown,146.0,0.0,6.0,91.0,1.0,5.0,1008.0,135.0,62.5,16,14.8125,6.0,1013.0,1.0
25,Amari Cooper,104.0,0.0,8.0,68.0,0.0,0.0,865.0,135.0,65.0,15,11.466666666666667,8.0,865.0,1.0
26,Adam Thielen,95.0,0.0,10.0,67.0,1.0,2.0,726.0,133.0,73.8,13,12.461538461538462,10.0,728.0,1.0
27,Christian Kirk,103.0,0.0,5.0,77.0,1.0,11.0,982.0,131.0,112.8,17,10.588235294117647,5.0,993.0,1.0
28,Kendrick Bourne,70.0,0.0,5.0,55.0,12.0,125.0,800.0,126.0,254.0,17,7.352941176470588,5.0,925.0,1.0
29,DeVonta Smith,104.0,0.0,5.0,64.0,0.0,0.0,916.0,122.0,90.5,17,9.882352941176471,5.0,916.0,1.0
30,A.J. Brown,105.0,0.0,5.0,63.0,2.0,10.0,869.0,118.0,28.5,13,12.923076923076923,5.0,879.0,1.0
31,Van Jefferson,89.0,0.0,6.0,50.0,2.0,20.0,802.0,118.0,182.3,17,8.176470588235293,6.0,822.0,1.0
32,Tyler Boyd,94.0,0.0,5.0,67.0,2.0,22.0,828.0,117.0,139.5,16,10.0625,5.0,850.0,1.0
33,Brandon Aiyuk,84.0,0.0,5.0,56.0,5.0,17.0,826.0,114.0,98.8,17,8.235294117647058,5.0,843.0,2.0
34,K.J. Osborn,82.0,0.0,7.0,50.0,1.0,10.0,655.0,109.0,204.0,17,7.764705882352941,7.0,665.0,1.0
35,Chase Claypool,105.0,0.0,2.0,59.0,14.0,96.0,860.0,108.0,116.0,15,10.933333333333334,2.0,956.0,1.0
36,Marvin Jones,120.0,0.0,4.0,73.0,0.0,0.0,832.0,107.0,,17,11.352941176470589,4.0,832.0,30.0
37,Marquez Callaway,84.0,0.0,6.0,46.0,0.0,0.0,698.0,106.0,246.0,17,7.647058823529412,6.0,698.0,1.0
38,DeAndre Hopkins,64.0,0.0,8.0,42.0,0.0,0.0,572.0,105.0,85.5,10,10.6,8.0,572.0,1.0
39,A.J. Green,92.0,0.0,3.0,54.0,0.0,0.0,848.0,103.0,247.7,16,9.125,3.0,848.0,1.0
40,Allen Lazard,60.0,0.0,8.0,40.0,3.0,32.0,513.0,103.0,110.8,15,6.666666666666667,8.0,545.0,1.0
41,Jakobi Meyers,126.0,0.0,2.0,83.0,1.0,9.0,866.0,103.0,153.3,17,12.294117647058824,2.0,875.0,1.0
42,Tim Patrick,85.0,0.0,5.0,53.0,0.0,0.0,734.0,103.0,,16,8.625,5.0,734.0,16.0
43,Cedrick Wilson Jr.,61.0,0.0,6.0,45.0,2.0,11.0,602.0,103.0,240.0,16,6.625,6.0,613.0,1.0
44,Russell Gage,94.0,0.0,4.0,66.0,0.0,0.0,770.0,97.0,113.8,14,11.428571428571429,4.0,770.0,1.0
45,Elijah Moore,77.0,1.0,5.0,43.0,5.0,54.0,538.0,95.0,85.3,11,10.909090909090908,6.0,592.0,1.0
46,Courtland Sutton,98.0,0.0,2.0,58.0,0.0,0.0,776.0,92.0,60.0,17,9.176470588235293,2.0,776.0,1.0
47,Robert Woods,69.0,1.0,4.0,45.0,8.0,46.0,556.0,92.0,105.3,9,12.666666666666666,5.0,602.0,1.0
48,Gabriel Davis,63.0,0.0,6.0,35.0,0.0,0.0,549.0,91.0,71.8,16,6.125,6.0,549.0,1.0
49,Emmanuel Sanders,72.0,0.0,4.0,42.0,2.0,31.0,626.0,90.0,336.0,14,8.142857142857142,4.0,657.0,1.0
50,Robby Anderson,110.0,0.0,5.0,53.0,3.0,36.0,519.0,86.0,,17,9.588235294117647,5.0,555.0,42.0
51,Odell Beckham Jr.,82.0,0.0,5.0,44.0,2.0,14.0,537.0,85.0,222.0,14,9.0,5.0,551.0,1.0
52,Byron Pringle,60.0,0.0,5.0,42.0,0.0,0.0,568.0,85.0,318.0,17,6.0,5.0,568.0,2.0
53,Kalif Raymond,71.0,0.0,4.0,48.0,4.0,28.0,576.0,84.0,373.0,16,7.4375,4.0,604.0,1.0
54,Mecole Hardman,83.0,0.0,2.0,59.0,8.0,46.0,693.0,82.0,164.5,17,8.352941176470589,2.0,739.0,1.0
55,Jarvis Landry,87.0,2.0,2.0,52.0,6.0,40.0,570.0,81.0,141.3,12,11.583333333333334,4.0,610.0,1.0
56,Antonio Brown,62.0,0.0,4.0,42.0,1.0,6.0,545.0,79.0,309.0,7,14.857142857142858,4.0,551.0,1.0
57,Cole Beasley,112.0,0.0,1.0,82.0,0.0,0.0,693.0,77.0,339.0,16,12.125,1.0,693.0,1.0
58,Deonte Harris,59.0,0.0,3.0,36.0,5.0,41.0,570.0,77.0,,13,7.3076923076923075,3.0,611.0,18.0
59,Donovan Peoples-Jones,58.0,0.0,3.0,34.0,0.0,0.0,597.0,76.0,210.0,14,6.571428571428571,3.0,597.0,1.0
60,Braxton Berrios+,65.0,2.0,2.0,46.0,7.0,40.0,431.0,75.0,,16,6.9375,4.0,471.0,32.0
61,Bryan Edwards,59.0,0.0,3.0,34.0,1.0,0.0,571.0,75.0,318.0,16,5.8125,3.0,571.0,1.0
62,Quez Watkins,62.0,0.0,1.0,43.0,1.0,3.0,647.0,73.0,362.0,17,6.176470588235294,1.0,650.0,1.0
63,Corey Davis,59.0,0.0,4.0,34.0,0.0,0.0,492.0,71.0,189.0,9,10.333333333333334,4.0,492.0,1.0
64,Nick Westbrook-Ikhine,57.0,0.0,4.0,38.0,0.0,0.0,476.0,70.0,317.5,16,5.9375,4.0,476.0,1.0
65,Nelson Agholor,64.0,0.0,3.0,37.0,3.0,11.0,473.0,66.0,341.0,15,6.733333333333333,3.0,484.0,1.0
66,Randall Cobb,39.0,0.0,5.0,28.0,1.0,1.0,375.0,66.0,294.0,12,5.583333333333333,5.0,376.0,1.0
67,Jalen Guyton,48.0,0.0,3.0,31.0,7.0,34.0,448.0,66.0,257.0,16,4.9375,3.0,482.0,1.0
68,DeVante Parker,73.0,0.0,2.0,40.0,0.0,0.0,515.0,64.0,151.5,10,11.3,2.0,515.0,1.0
69,Laviska Shenault Jr.,100.0,0.0,0.0,63.0,11.0,41.0,619.0,64.0,248.5,16,10.1875,0.0,660.0,1.0
70,DeAndre Carter,44.0,0.0,3.0,24.0,10.0,89.0,296.0,63.0,,17,4.0,3.0,385.0,8.0
71,Freddie Swain,40.0,0.0,4.0,25.0,5.0,32.0,343.0,62.0,,17,3.823529411764706,4.0,375.0,7.0
72,Henry Ruggs III,36.0,0.0,2.0,24.0,3.0,16.0,469.0,61.0,,7,8.571428571428571,2.0,485.0,44.0
73,Marquez Valdes-Scantling,55.0,0.0,3.0,26.0,0.0,0.0,430.0,61.0,141.8,11,7.363636363636363,3.0,430.0,1.0
74,Josh Palmer,49.0,0.0,4.0,33.0,1.0,6.0,353.0,60.0,,17,4.823529411764706,4.0,359.0,27.0
75,Jamison Crowder,71.0,0.0,2.0,51.0,0.0,0.0,447.0,59.0,209.7,12,10.166666666666666,2.0,447.0,1.0
76,Zay Jones,70.0,0.0,1.0,47.0,2.0,3.0,546.0,59.0,305.0,17,6.882352941176471,1.0,549.0,1.0
77,Olamide Zaccheaus,53.0,0.0,3.0,31.0,1.0,2.0,406.0,59.0,313.0,17,4.9411764705882355,3.0,408.0,1.0
78,Rashod Bateman,68.0,0.0,1.0,46.0,0.0,0.0,515.0,58.0,86.5,12,9.5,1.0,515.0,1.0
79,Jauan Jennings,38.0,0.0,5.0,24.0,0.0,0.0,282.0,58.0,306.0,16,3.875,5.0,282.0,1.0
80,Michael Gallup,62.0,0.0,2.0,35.0,0.0,0.0,445.0,57.0,160.5,9,10.777777777777779,2.0,445.0,1.0
81,Zach Pascal,69.0,0.0,3.0,38.0,2.0,21.0,384.0,57.0,344.0,16,6.6875,3.0,405.0,1.0
82,DeSean Jackson,34.0,0.0,2.0,20.0,1.0,4.0,454.0,56.0,,16,3.375,2.0,458.0,3.0
83,Tre'Quan Smith,50.0,0.0,3.0,32.0,0.0,0.0,377.0,56.0,365.0,11,7.454545454545454,3.0,377.0,1.0
84,Rondale Moore,64.0,0.0,1.0,54.0,18.0,76.0,435.0,55.0,165.8,14,8.428571428571429,1.0,511.0,1.0
85,Jamal Agnew,39.0,1.0,1.0,24.0,7.0,111.0,229.0,52.0,,10,6.3,2.0,340.0,47.0
86,Kenny Golladay,76.0,0.0,0.0,37.0,0.0,0.0,521.0,52.0,150.5,14,8.071428571428571,0.0,521.0,1.0
87,Josh Reynolds,49.0,0.0,2.0,29.0,0.0,0.0,396.0,52.0,291.0,12,6.5,2.0,396.0,1.0
88,Keelan Cole,51.0,0.0,1.0,28.0,0.0,0.0,449.0,51.0,,15,5.266666666666667,1.0,449.0,17.0
89,Nico Collins,60.0,0.0,1.0,33.0,0.0,0.0,446.0,51.0,241.3,14,6.642857142857143,1.0,446.0,1.0
90,T.Y. Hilton,37.0,0.0,3.0,23.0,0.0,0.0,331.0,51.0,348.0,10,6.0,3.0,331.0,1.0
91,Devin Duvernay,47.0,0.0,2.0,33.0,7.0,50.0,272.0,50.0,232.5,16,5.0,2.0,322.0,1.0
92,Julio Jones,48.0,0.0,1.0,31.0,0.0,0.0,434.0,49.0,156.5,10,7.9,1.0,434.0,1.0
93,Allen Robinson,66.0,0.0,1.0,38.0,0.0,0.0,410.0,49.0,,12,8.666666666666666,1.0,410.0,58.0
94,Laquon Treadwell,51.0,0.0,1.0,33.0,0.0,0.0,434.0,49.0,,12,7.0,1.0,434.0,39.0
95,Jerry Jeudy,56.0,0.0,0.0,38.0,2.0,3.0,467.0,47.0,60.5,10,9.4,0.0,470.0,1.0
96,Mack Hollins,28.0,0.0,4.0,14.0,0.0,0.0,223.0,46.0,,17,2.4705882352941178,4.0,223.0,10.0
97,Danny Amendola,38.0,0.0,3.0,24.0,0.0,0.0,248.0,45.0,,8,7.75,3.0,248.0,80.0
98,Jalen Reagor,57.0,0.0,2.0,33.0,10.0,32.0,299.0,45.0,,17,5.294117647058823,2.0,331.0,37.0
99,Demarcus Robinson,41.0,0.0,3.0,25.0,0.0,0.0,264.0,44.0,271.0,17,3.8823529411764706,3.0,264.0,1.0
100,Chris Conley,37.0,0.0,2.0,22.0,1.0,3.0,323.0,43.0,,16,3.6875,2.0,326.0,12.0
101,Darius Slayton,58.0,0.0,2.0,26.0,1.0,-13.0,339.0,43.0,391.0,13,6.461538461538462,2.0,326.0,1.0
102,Kadarius Toney,57.0,0.0,0.0,39.0,3.0,6.0,420.0,43.0,121.8,10,9.6,0.0,426.0,1.0
103,Sammy Watkins,49.0,0.0,1.0,27.0,0.0,0.0,394.0,43.0,183.0,13,5.846153846153846,1.0,394.0,1.0
104,Sterling Shepard,53.0,0.0,1.0,36.0,1.0,-9.0,366.0,42.0,256.0,7,12.714285714285714,1.0,357.0,1.0
105,James Washington,44.0,0.0,2.0,24.0,2.0,13.0,285.0,42.0,267.0,15,4.533333333333333,2.0,298.0,1.0
106,Calvin Ridley,52.0,0.0,2.0,31.0,0.0,0.0,281.0,40.0,,5,16.6,2.0,281.0,101.0
107,Damiere Byrd,38.0,0.0,1.0,26.0,0.0,0.0,329.0,39.0,,17,3.764705882352941,1.0,329.0,13.0
108,Ashton Dulin,22.0,0.0,2.0,13.0,3.0,32.0,173.0,39.0,,17,2.0588235294117645,2.0,205.0,6.0
109,Antoine Wesley,32.0,0.0,3.0,19.0,0.0,0.0,208.0,39.0,,15,3.4,3.0,208.0,40.0
110,Adam Humphries,62.0,0.0,0.0,41.0,0.0,0.0,383.0,38.0,,17,6.0588235294117645,0.0,383.0,36.0
111,Marquise Goodwin,40.0,0.0,1.0,20.0,2.0,-1.0,313.0,37.0,338.0,14,4.285714285714286,1.0,312.0,1.0
112,Lil'Jordan Humphrey,18.0,0.0,2.0,13.0,0.0,0.0,249.0,37.0,,10,3.1,2.0,249.0,21.0
113,Tyler Johnson,55.0,0.0,0.0,36.0,0.0,0.0,360.0,36.0,,17,5.352941176470588,0.0,360.0,34.0
114,Cyril Grayson,12.0,0.0,2.0,10.0,1.0,14.0,212.0,35.0,,5,4.4,2.0,226.0,52.0
115,Chris Moore,22.0,0.0,2.0,21.0,0.0,0.0,227.0,35.0,,12,3.5833333333333335,2.0,227.0,35.0
116,Chester Rogers,43.0,0.0,1.0,30.0,1.0,9.0,301.0,35.0,,16,4.5625,1.0,310.0,33.0
117,Quintez Cephus,22.0,0.0,2.0,15.0,0.0,0.0,204.0,34.0,,5,7.4,2.0,204.0,91.0
118,Rashard Higgins,47.0,0.0,1.0,24.0,0.0,0.0,275.0,34.0,298.0,15,4.733333333333333,1.0,275.0,1.0
119,Cam Sims,23.0,0.0,2.0,15.0,1.0,7.0,211.0,34.0,319.0,14,2.7142857142857144,2.0,218.0,1.0
120,Isaiah McKenzie,26.0,1.0,1.0,20.0,9.0,47.0,178.0,33.0,235.7,15,3.066666666666667,2.0,225.0,1.0
121,Malik Turner,16.0,0.0,3.0,12.0,0.0,0.0,149.0,33.0,,14,2.0,3.0,149.0,25.0
122,Brandon Zylstra,25.0,0.0,1.0,18.0,0.0,0.0,250.0,31.0,,13,3.3076923076923075,1.0,250.0,26.0
123,John Ross,20.0,0.0,1.0,11.0,1.0,16.0,224.0,30.0,,10,3.1,1.0,240.0,24.0
124,Jakeem Grant,17.0,0.0,2.0,11.0,5.0,33.0,132.0,29.0,,15,1.8666666666666667,2.0,165.0,11.0
125,Isaiah Ford,17.0,0.0,2.0,12.0,0.0,0.0,161.0,28.0,,13,2.230769230769231,2.0,161.0,31.0
126,Greg Ward,11.0,0.0,3.0,7.0,0.0,0.0,95.0,28.0,,17,1.0588235294117647,3.0,95.0,9.0
127,Tavon Austin,37.0,0.0,1.0,24.0,3.0,21.0,213.0,27.0,,13,4.6923076923076925,1.0,234.0,55.0
128,DJ Chark,22.0,0.0,2.0,7.0,0.0,0.0,154.0,27.0,,4,7.25,2.0,154.0,96.0
129,Ray-Ray McCloud,66.0,0.0,0.0,39.0,2.0,15.0,277.0,27.0,,16,6.5625,0.0,292.0,62.0
130,Kendall Hinton,23.0,0.0,1.0,15.0,0.0,0.0,175.0,24.0,,16,2.375,1.0,175.0,29.0
131,Ihmir Smith-Marsette,6.0,0.0,2.0,5.0,0.0,0.0,116.0,24.0,,8,1.375,2.0,116.0,15.0
132,Anthony Schwartz,23.0,0.0,1.0,10.0,6.0,39.0,135.0,23.0,,14,2.357142857142857,1.0,174.0,28.0
133,Tajae Sharpe,37.0,0.0,0.0,25.0,0.0,0.0,230.0,23.0,,15,4.133333333333334,0.0,230.0,45.0
134,Albert Wilson,39.0,0.0,0.0,25.0,4.0,17.0,213.0,23.0,,14,4.571428571428571,0.0,230.0,54.0
135,Parris Campbell,20.0,0.0,1.0,10.0,0.0,0.0,162.0,22.0,253.0,6,5.0,1.0,162.0,1.0
136,Breshad Perriman,18.0,0.0,1.0,11.0,1.0,-3.0,167.0,22.0,380.0,6,4.833333333333333,1.0,164.0,1.0
137,James Proche,20.0,0.0,0.0,16.0,0.0,0.0,202.0,20.0,,14,2.5714285714285716,0.0,202.0,23.0
138,JuJu Smith-Schuster,28.0,1.0,0.0,15.0,3.0,9.0,129.0,20.0,78.3,5,8.6,1.0,138.0,1.0
139,Noah Brown,25.0,0.0,0.0,16.0,0.0,0.0,184.0,18.0,,13,3.1538461538461537,0.0,184.0,43.0
140,D'Wayne Eskridge,20.0,0.0,1.0,10.0,4.0,59.0,64.0,18.0,,10,3.0,1.0,123.0,63.0
141,KhaDarel Hodge,27.0,0.0,0.0,13.0,0.0,0.0,157.0,18.0,,16,2.5,0.0,157.0,38.0
142,Mohamed Sanu,24.0,0.0,0.0,15.0,0.0,0.0,177.0,18.0,,8,4.875,0.0,177.0,73.0
143,Dyami Brown,25.0,0.0,0.0,12.0,1.0,-4.0,165.0,16.0,390.0,15,2.466666666666667,0.0,161.0,1.0
144,N'Keal Harry,22.0,0.0,0.0,12.0,0.0,0.0,184.0,16.0,324.0,12,2.8333333333333335,0.0,184.0,1.0
145,Marcus Johnson,19.0,0.0,0.0,9.0,2.0,-2.0,160.0,16.0,,7,4.0,0.0,158.0,69.0
146,Terrace Marshall Jr.,30.0,0.0,0.0,17.0,0.0,0.0,138.0,16.0,254.0,13,3.6153846153846154,0.0,138.0,2.0
147,Kristian Wilkerson,8.0,0.0,2.0,4.0,0.0,0.0,42.0,16.0,,3,4.0,2.0,42.0,105.0
148,Dante Pettis,16.0,0.0,1.0,10.0,0.0,0.0,87.0,15.0,,3,8.666666666666666,1.0,87.0,106.0
149,Trent Sherfield,20.0,0.0,1.0,9.0,0.0,0.0,87.0,15.0,,17,1.7058823529411764,1.0,87.0,53.0
150,Scott Miller,9.0,1.0,0.0,5.0,2.0,43.0,38.0,14.0,,9,1.5555555555555556,1.0,81.0,50.0
151,Ty Montgomery,26.0,0.0,0.0,16.0,15.0,44.0,95.0,14.0,,14,3.0,0.0,139.0,60.0
152,Denzel Mims,23.0,0.0,0.0,8.0,0.0,0.0,133.0,13.0,,11,2.8181818181818183,0.0,133.0,59.0
153,Ben Skowronek,20.0,0.0,0.0,11.0,0.0,0.0,133.0,13.0,,14,2.2142857142857144,0.0,133.0,41.0
154,Kenny Stills,23.0,0.0,1.0,6.0,1.0,1.0,68.0,13.0,,13,2.230769230769231,1.0,69.0,82.0
155,Tom Kennedy,10.0,0.0,0.0,6.0,0.0,0.0,54.0,12.0,,12,1.3333333333333333,0.0,54.0,65.0
156,Phillip Dorsett,14.0,0.0,0.0,7.0,1.0,0.0,110.0,11.0,,6,3.5,0.0,110.0,81.0
157,Dez Fitzpatrick,8.0,0.0,1.0,5.0,0.0,0.0,49.0,11.0,,4,3.25,1.0,49.0,103.0
158,Collin Johnson,21.0,0.0,0.0,11.0,0.0,0.0,105.0,11.0,,12,2.6666666666666665,0.0,105.0,70.0
159,Jeff Smith,17.0,0.0,0.0,8.0,1.0,-1.0,113.0,11.0,,12,2.0833333333333335,0.0,112.0,48.0
160,Equanimeous St. Brown,17.0,0.0,0.0,9.0,3.0,14.0,98.0,11.0,397.0,13,2.0,0.0,112.0,1.0
161,Trinity Benson,22.0,0.0,0.0,10.0,0.0,0.0,103.0,10.0,,8,4.0,0.0,103.0,92.0
162,Chris Hogan,8.0,0.0,1.0,4.0,0.0,0.0,41.0,10.0,,5,2.4,1.0,41.0,100.0
163,Shi Smith,11.0,0.0,0.0,6.0,1.0,-3.0,104.0,10.0,,6,2.8333333333333335,0.0,101.0,74.0
164,Auden Tate,4.0,0.0,1.0,3.0,0.0,0.0,39.0,10.0,,7,1.0,1.0,39.0,66.5
165,Cameron Batson,5.0,0.0,1.0,2.0,2.0,15.0,15.0,9.0,,4,1.75,1.0,30.0,99.0
166,Josh Gordon,14.0,0.0,1.0,5.0,0.0,0.0,32.0,9.0,323.0,12,1.5833333333333333,1.0,32.0,1.0
167,Anthony Miller,12.0,0.0,1.0,6.0,0.0,0.0,25.0,9.0,,3,6.0,1.0,25.0,119.5
168,Dezmon Patmon,4.0,0.0,1.0,2.0,0.0,0.0,21.0,8.0,,8,0.75,1.0,21.0,86.0
169,Preston Williams,16.0,0.0,0.0,6.0,1.0,7.0,71.0,8.0,,8,2.75,0.0,78.0,88.0
170,KJ Hamler,10.0,0.0,0.0,5.0,0.0,0.0,74.0,7.0,233.0,3,5.0,0.0,74.0,1.0
171,Andre Roberts,2.0,0.0,0.0,1.0,3.0,19.0,35.0,7.0,,16,0.1875,0.0,54.0,2.0
172,Dede Westbrook,15.0,0.0,0.0,10.0,0.0,0.0,68.0,7.0,,15,1.6666666666666667,0.0,68.0,64.0
173,C.J. Board,6.0,0.0,0.0,4.0,1.0,6.0,51.0,6.0,,6,1.6666666666666667,0.0,57.0,75.0
174,Ja'Marcus Bradley,4.0,0.0,0.0,4.0,0.0,0.0,64.0,6.0,,5,1.6,0.0,64.0,66.5
175,Alex Erickson,4.0,0.0,0.0,3.0,0.0,0.0,55.0,6.0,,17,0.4117647058823529,0.0,55.0,4.0
176,Penny Hart,12.0,0.0,0.0,7.0,0.0,0.0,59.0,6.0,,17,1.1176470588235294,0.0,59.0,49.0
177,Dax Milne,14.0,0.0,0.0,9.0,1.0,1.0,83.0,6.0,,13,1.7692307692307692,0.0,84.0,57.0
178,Jason Moore,4.0,0.0,0.0,3.0,0.0,0.0,56.0,6.0,,2,3.5,0.0,56.0,102.0
179,Amari Rodgers,8.0,0.0,0.0,4.0,1.0,11.0,45.0,6.0,255.0,16,0.75,0.0,56.0,1.0
180,Jaelon Darden,12.0,0.0,0.0,6.0,1.0,11.0,43.0,5.0,322.0,9,2.0,0.0,54.0,1.0
181,Will Fuller,8.0,0.0,0.0,4.0,0.0,0.0,26.0,5.0,,2,6.0,0.0,26.0,119.5
182,Mike Thomas,11.0,0.0,0.0,5.0,0.0,0.0,52.0,5.0,,12,1.3333333333333333,0.0,52.0,71.0
183,JJ Arcega-Whiteside,5.0,0.0,0.0,2.0,0.0,0.0,36.0,4.0,,16,0.4375,0.0,36.0,19.0
184,Pharoh Cooper,11.0,0.0,0.0,4.0,1.0,3.0,33.0,4.0,,8,1.875,0.0,36.0,98.0
185,Greg Dortch,3.0,0.0,0.0,3.0,1.0,24.0,15.0,4.0,,5,1.2,0.0,39.0,79.0
186,D.J. Montgomery,6.0,0.0,0.0,3.0,0.0,0.0,36.0,4.0,,3,3.0,0.0,36.0,104.0
187,Gunner Olszewski,3.0,0.0,0.0,2.0,1.0,9.0,31.0,4.0,,16,0.3125,0.0,40.0,5.0
188,Curtis Samuel,9.0,0.0,0.0,6.0,4.0,11.0,27.0,4.0,206.0,5,3.0,0.0,38.0,1.0
189,Willie Snead,8.0,0.0,0.0,4.0,0.0,0.0,38.0,4.0,,9,1.3333333333333333,0.0,38.0,87.0
190,Trent Taylor,3.0,0.0,0.0,2.0,0.0,0.0,41.0,4.0,,4,1.25,0.0,41.0,78.0
191,Kevin White,5.0,0.0,0.0,1.0,0.0,0.0,38.0,4.0,,6,1.0,0.0,38.0,72.0
192,Juwann Winfree,13.0,0.0,0.0,8.0,0.0,0.0,58.0,4.0,,7,3.0,0.0,58.0,97.0
193,Christian Blake,9.0,0.0,0.0,4.0,0.0,0.0,25.0,3.0,,16,0.8125,0.0,25.0,84.0
194,Daniel Brown,2.0,0.0,0.0,2.0,0.0,0.0,29.0,3.0,,12,0.3333333333333333,0.0,29.0,14.0
195,K.J. Hill,3.0,0.0,0.0,3.0,0.0,0.0,30.0,3.0,,6,1.0,0.0,30.0,85.0
196,Cody Hollister,7.0,0.0,0.0,4.0,0.0,0.0,33.0,3.0,,3,3.6666666666666665,0.0,33.0,109.5
197,Trenton Irwin,5.0,0.0,0.0,2.0,0.0,0.0,34.0,3.0,,7,1.0,0.0,34.0,76.5
198,Jake Kumerow,6.0,0.0,0.0,2.0,0.0,0.0,28.0,3.0,331.0,15,0.5333333333333333,0.0,28.0,1.0
199,Mike Strachan,3.0,0.0,0.0,2.0,0.0,0.0,26.0,3.0,,6,0.8333333333333334,0.0,26.0,83.0
200,Cody White,6.0,0.0,0.0,5.0,0.0,0.0,33.0,3.0,,15,0.7333333333333333,0.0,33.0,61.0
201,Seth Williams,1.0,0.0,0.0,1.0,0.0,0.0,34.0,3.0,,2,1.0,0.0,34.0,76.5
202,Davion Davis,3.0,0.0,0.0,1.0,0.0,0.0,17.0,2.0,,2,2.0,0.0,17.0,111.5
203,Tyron Johnson,5.0,0.0,0.0,2.0,0.0,0.0,16.0,2.0,,10,0.7,0.0,16.0,94.0
204,Marcus Kemp,5.0,0.0,0.0,2.0,0.0,0.0,24.0,2.0,,16,0.4375,0.0,24.0,46.0
205,Keith Kirkwood,7.0,0.0,0.0,3.0,0.0,0.0,17.0,2.0,,3,3.3333333333333335,0.0,17.0,116.0
206,Dazz Newsome,5.0,0.0,0.0,2.0,0.0,0.0,23.0,2.0,,3,2.3333333333333335,0.0,23.0,108.0
207,David Sills,6.0,0.0,0.0,2.0,0.0,0.0,17.0,2.0,,4,2.0,0.0,17.0,111.5
208,Tylan Wallace,6.0,0.0,0.0,2.0,0.0,0.0,23.0,2.0,,17,0.47058823529411764,0.0,23.0,56.0
209,Tarik Black,2.0,0.0,0.0,1.0,0.0,0.0,10.0,1.0,,1,3.0,0.0,10.0,121.0
210,Miles Boykin,1.0,0.0,0.0,1.0,0.0,0.0,6.0,1.0,,8,0.25,0.0,6.0,93.0
211,Keke Coutee,1.0,0.0,0.0,1.0,0.0,0.0,5.0,1.0,,2,1.0,0.0,5.0,117.0
212,Frank Darby,4.0,0.0,0.0,1.0,0.0,0.0,14.0,1.0,,10,0.5,0.0,14.0,89.5
213,Marvin Hall,1.0,0.0,0.0,1.0,0.0,0.0,10.0,1.0,,2,1.0,0.0,10.0,107.0
214,Andy Isabella,1.0,0.0,0.0,1.0,0.0,0.0,13.0,1.0,,8,0.25,0.0,13.0,51.0
215,Tommylee Lewis,2.0,0.0,0.0,1.0,0.0,0.0,7.0,1.0,,2,1.5,0.0,7.0,118.0
216,Kirk Merritt,3.0,0.0,0.0,1.0,0.0,0.0,13.0,1.0,,2,2.0,0.0,13.0,114.0
217,Jaydon Mickens,3.0,0.0,0.0,2.0,0.0,0.0,10.0,1.0,,11,0.45454545454545453,0.0,10.0,95.0
218,Stanley Morgan Jr.,4.0,0.0,0.0,2.0,1.0,3.0,11.0,1.0,,17,0.35294117647058826,0.0,14.0,68.0
219,C.J. Saunders,2.0,0.0,0.0,2.0,0.0,0.0,11.0,1.0,,2,2.0,0.0,11.0,115.0
220,Tyrell Williams,3.0,0.0,0.0,2.0,0.0,0.0,14.0,1.0,,1,5.0,0.0,14.0,122.0
221,Easop Winston,1.0,0.0,0.0,1.0,0.0,0.0,5.0,1.0,,3,0.6666666666666666,0.0,5.0,113.0
222,Alex Bachman,0.0,0.0,0.0,0.0,1.0,-3.0,0.0,,,3,0.0,0.0,-3.0,124.0
223,Maurice Ffrench,0.0,0.0,0.0,0.0,1.0,3.0,0.0,,,3,0.0,0.0,3.0,1.0
224,Racey McMath,6.0,0.0,0.0,2.0,0.0,0.0,8.0,-1.0,,9,0.8888888888888888,0.0,8.0,109.5
225,Malik Taylor,3.0,0.0,0.0,2.0,0.0,0.0,14.0,-1.0,,10,0.5,0.0,14.0,89.5
226,Diontae Spencer,4.0,0.0,0.0,1.0,0.0,0.0,-3.0,-4.0,,15,0.3333333333333333,0.0,-3.0,123.0
