,Player,Team,Pos,Tgt,Rec,RushingAtt,RushingYds,RushingTD,ReceivingYds,ReceivingTD,FantasyPoints,Games,Usage,Touchdowns,TotYdsScrm,Production
0,Christian McCaffrey,CAR,RB,142.0,116.0,287.0,1387.0,15.0,1005.0,4.0,469.2,16,26.8125,19.0,2392.0,89.92074592074592
2,Derrick Henry,TEN,RB,24.0,18.0,303.0,1540.0,16.0,206.0,2.0,294.6,15,21.8,18.0,1746.0,80.91743119266054
3,Aaron Jones,GNB,RB,68.0,49.0,236.0,1084.0,16.0,474.0,3.0,314.8,16,19.0,19.0,1558.0,83.0
4,Ezekiel Elliott,DAL,RB,71.0,54.0,301.0,1357.0,12.0,420.0,2.0,311.7,16,23.25,14.0,1777.0,77.03225806451613
5,Dalvin Cook,MIN,RB,63.0,53.0,250.0,1135.0,13.0,519.0,0.0,292.4,14,22.357142857142858,13.0,1654.0,74.56230031948881
8,Nick Chubb,CLE,RB,49.0,36.0,298.0,1494.0,8.0,278.0,0.0,255.2,16,21.6875,8.0,1772.0,82.0749279538905
9,Austin Ekeler,LAC,RB,108.0,92.0,132.0,557.0,3.0,993.0,8.0,309.0,8,30.0,11.0,1550.0,52.03333333333333
10,Mark Ingram,BAL,RB,29.0,26.0,202.0,1018.0,10.0,247.0,5.0,238.5,15,15.4,15.0,1265.0,83.11688311688312
17,Chris Carson,SEA,RB,47.0,37.0,278.0,1230.0,7.0,266.0,2.0,232.6,15,21.666666666666668,9.0,1496.0,69.46153846153845
20,Saquon Barkley,NYG,RB,73.0,52.0,217.0,1003.0,6.0,438.0,2.0,244.1,13,22.307692307692307,8.0,1441.0,64.95517241379311
22,Joe Mixon,CIN,RB,45.0,35.0,278.0,1137.0,5.0,287.0,3.0,225.4,15,21.533333333333335,8.0,1424.0,66.50154798761609
23,Todd Gurley,LAR,RB,49.0,31.0,223.0,857.0,12.0,207.0,2.0,217.4,15,18.133333333333333,14.0,1064.0,59.44852941176471
28,Leonard Fournette,JAX,RB,100.0,76.0,265.0,1152.0,3.0,522.0,0.0,259.4,15,24.333333333333332,3.0,1674.0,68.91780821917808
35,Josh Jacobs,OAK,RB,27.0,20.0,242.0,1150.0,7.0,166.0,0.0,191.6,13,20.692307692307693,7.0,1316.0,63.93680297397769
37,Miles Sanders,PHI,RB,63.0,50.0,179.0,818.0,3.0,509.0,3.0,216.7,11,22.0,6.0,1327.0,60.59090909090909
40,Alvin Kamara,NOR,RB,97.0,81.0,171.0,797.0,5.0,533.0,1.0,248.52,9,29.77777777777778,6.0,1330.0,44.865671641791046
41,Marlon Mack,IND,RB,17.0,14.0,247.0,1091.0,8.0,82.0,0.0,179.3,12,22.0,8.0,1173.0,53.68181818181818
46,Kenyan Drake,2TM,RB,68.0,50.0,170.0,817.0,8.0,345.0,0.0,212.2,10,23.8,8.0,1162.0,49.159663865546214
48,Phillip Lindsay,DEN,RB,48.0,35.0,224.0,1011.0,7.0,196.0,0.0,197.7,16,17.0,7.0,1207.0,71.41176470588235
60,Raheem Mostert,SFO,RB,22.0,14.0,137.0,772.0,8.0,180.0,2.0,165.2,0,inf,10.0,952.0,0.0
62,Le'Veon Bell,NYJ,RB,78.0,66.0,245.0,789.0,3.0,461.0,1.0,213.0,15,21.533333333333335,4.0,1250.0,58.23529411764705
65,David Montgomery,CHI,RB,35.0,25.0,242.0,889.0,6.0,185.0,1.0,170.4,8,34.625,7.0,1074.0,31.220216606498195
71,Carlos Hyde,HOU,RB,16.0,10.0,245.0,1070.0,6.0,42.0,0.0,153.2,14,18.642857142857142,6.0,1112.0,59.969348659003835
74,Sony Michel,NWE,RB,20.0,12.0,247.0,912.0,7.0,94.0,0.0,152.6,14,19.071428571428573,7.0,1006.0,53.11610486891385
95,Devonta Freeman,ATL,RB,70.0,59.0,184.0,656.0,2.0,410.0,4.0,197.6,14,18.142857142857142,6.0,1066.0,59.08661417322835
96,Melvin Gordon,LAC,RB,55.0,42.0,162.0,612.0,8.0,296.0,1.0,180.8,11,19.727272727272727,9.0,908.0,46.483870967741936
97,Ronald Jones,TAM,RB,40.0,31.0,172.0,724.0,6.0,309.0,0.0,166.3,9,23.555555555555557,6.0,1033.0,44.10849056603773
98,Adrian Peterson,WAS,RB,23.0,17.0,211.0,898.0,5.0,142.0,0.0,147.0,15,15.6,5.0,1040.0,66.98717948717949
100,James White,NWE,RB,95.0,72.0,67.0,263.0,1.0,645.0,5.0,198.2,1,162.0,6.0,908.0,5.6419753086419755
103,Latavius Murray,NOR,RB,43.0,34.0,146.0,637.0,5.0,235.0,1.0,157.2,8,23.625,6.0,872.0,37.164021164021165
106,Devin Singletary,BUF,RB,41.0,29.0,151.0,775.0,2.0,194.0,2.0,147.9,8,24.0,4.0,969.0,40.541666666666664
109,Tevin Coleman,SFO,RB,30.0,21.0,137.0,544.0,6.0,180.0,1.0,135.4,11,15.181818181818182,7.0,724.0,48.1497005988024
110,James Conner,PIT,RB,38.0,34.0,116.0,464.0,4.0,251.0,3.0,145.5,10,15.4,7.0,715.0,46.883116883116884
112,Damien Williams,KAN,RB,37.0,30.0,111.0,498.0,5.0,213.0,2.0,141.1,6,24.666666666666668,7.0,711.0,29.108108108108105
115,Duke Johnson,HOU,RB,62.0,44.0,83.0,410.0,2.0,410.0,3.0,154.0,2,72.5,5.0,820.0,11.379310344827585
117,Jamaal Williams,GNB,RB,45.0,39.0,107.0,460.0,1.0,253.0,5.0,146.3,2,76.0,6.0,713.0,9.460526315789474
118,David Johnson,ARI,RB,47.0,36.0,94.0,345.0,2.0,370.0,4.0,141.5,9,15.666666666666666,6.0,715.0,46.02127659574468
124,Peyton Barber,TAM,RB,24.0,16.0,154.0,470.0,6.0,115.0,1.0,114.5,7,25.428571428571427,7.0,585.0,23.280898876404496
125,Jordan Howard,PHI,RB,14.0,10.0,119.0,525.0,6.0,69.0,1.0,111.4,4,33.25,7.0,594.0,18.075187969924812
130,Royce Freeman,DEN,RB,50.0,43.0,132.0,496.0,3.0,256.0,1.0,142.2,0,inf,4.0,752.0,0.0
133,LeSean McCoy,KAN,RB,34.0,28.0,101.0,465.0,4.0,181.0,1.0,118.6,9,15.0,5.0,646.0,43.4
138,Gus Edwards,BAL,RB,7.0,7.0,133.0,711.0,2.0,45.0,0.0,92.6,1,140.0,2.0,756.0,5.414285714285715
139,DeAndre Washington,OAK,RB,41.0,36.0,108.0,387.0,3.0,292.0,0.0,121.9,3,49.666666666666664,3.0,679.0,13.731543624161075
140,Tarik Cohen,CHI,RB,104.0,79.0,64.0,213.0,0.0,456.0,3.0,163.9,11,15.272727272727273,3.0,669.0,44.0
146,Matt Breida,SFO,RB,22.0,19.0,123.0,623.0,1.0,120.0,1.0,103.3,5,29.0,2.0,743.0,25.689655172413794
149,Frank Gore,BUF,RB,16.0,13.0,166.0,599.0,2.0,100.0,0.0,94.9,8,22.75,2.0,699.0,30.813186813186814
159,Kerryon Johnson,DET,RB,15.0,10.0,113.0,403.0,3.0,127.0,1.0,85.0,7,18.285714285714285,4.0,530.0,29.203125
161,Rex Burkhead,NWE,RB,38.0,27.0,65.0,302.0,3.0,279.0,0.0,101.1,1,103.0,3.0,581.0,5.669902912621359
162,Nyheim Hines,IND,RB,58.0,44.0,52.0,199.0,2.0,320.0,0.0,105.9,2,55.0,2.0,519.0,9.472727272727273
163,Tony Pollard,DAL,RB,20.0,15.0,86.0,455.0,2.0,107.0,1.0,87.2,0,inf,3.0,562.0,0.0
164,Boston Scott,PHI,RB,26.0,24.0,61.0,245.0,5.0,204.0,0.0,96.9,2,43.5,5.0,449.0,10.436781609195402
168,Chase Edmonds,ARI,RB,21.0,12.0,60.0,303.0,4.0,105.0,1.0,82.8,2,40.5,5.0,408.0,10.197530864197532
177,Rashaad Penny,SEA,RB,11.0,8.0,65.0,370.0,3.0,83.0,1.0,75.3,0,inf,4.0,453.0,0.0
183,Kareem Hunt,CLE,RB,44.0,37.0,43.0,179.0,2.0,285.0,1.0,101.4,3,29.0,3.0,464.0,16.103448275862068
189,Alexander Mattison,MIN,RB,12.0,10.0,100.0,462.0,1.0,82.0,0.0,68.4,0,inf,1.0,544.0,0.0
191,Malcolm Brown,LAR,RB,6.0,2.0,69.0,255.0,5.0,16.0,0.0,59.1,1,75.0,5.0,271.0,3.68
193,Brian Hill,ATL,RB,14.0,10.0,78.0,323.0,2.0,69.0,1.0,67.2,2,46.0,3.0,392.0,8.58695652173913
194,Jaylen Samuels,PIT,RB,57.0,47.0,66.0,175.0,1.0,305.0,1.0,104.4,4,30.75,2.0,480.0,15.674796747967479
202,Benny Snell,PIT,RB,4.0,3.0,108.0,426.0,2.0,23.0,0.0,57.9,2,56.0,2.0,449.0,8.053571428571429
210,Darrel Williams,KAN,RB,19.0,15.0,41.0,141.0,3.0,167.0,1.0,67.8,0,inf,4.0,308.0,0.0
213,Chris Thompson,WAS,RB,58.0,42.0,37.0,138.0,0.0,378.0,0.0,93.6,0,inf,0.0,516.0,0.0
217,Derrius Guice,WAS,RB,9.0,7.0,42.0,245.0,2.0,79.0,1.0,57.4,1,51.0,3.0,324.0,6.411764705882353
220,J.D. McKissic,DET,RB,42.0,34.0,38.0,205.0,0.0,233.0,1.0,83.8,3,26.666666666666668,1.0,438.0,16.4625
224,Mike Boone,MIN,RB,4.0,3.0,49.0,273.0,3.0,17.0,0.0,50.0,2,26.5,3.0,290.0,11.056603773584905
228,Jalen Richard,OAK,RB,43.0,36.0,39.0,145.0,0.0,323.0,0.0,82.8,0,inf,0.0,468.0,0.0
229,Jordan Wilkins,IND,RB,11.0,7.0,51.0,307.0,2.0,43.0,0.0,54.0,1,62.0,2.0,350.0,5.67741935483871
232,Patrick Laird,MIA,RB,30.0,23.0,62.0,168.0,1.0,204.0,0.0,66.2,4,23.0,1.0,372.0,16.217391304347824
236,Jeff Wilson,SFO,RB,5.0,3.0,27.0,105.0,4.0,34.0,1.0,46.9,0,inf,5.0,139.0,0.0
239,Brandon Bolden,NWE,RB,11.0,9.0,15.0,68.0,3.0,111.0,1.0,50.9,2,13.0,4.0,179.0,14.076923076923077
240,Justice Hill,BAL,RB,15.0,8.0,58.0,225.0,2.0,70.0,0.0,49.5,0,inf,2.0,295.0,0.0
243,Bo Scarbrough,DET,RB,4.0,1.0,89.0,377.0,1.0,5.0,0.0,43.2,5,18.6,1.0,382.0,20.591397849462364
246,Dion Lewis,TEN,RB,32.0,25.0,54.0,209.0,0.0,164.0,1.0,66.3,1,86.0,1.0,373.0,4.348837209302325
250,Dare Ogunbowale,TAM,RB,46.0,35.0,11.0,17.0,2.0,286.0,0.0,75.3,0,inf,2.0,303.0,0.0
252,Kalen Ballage,MIA,RB,24.0,14.0,74.0,135.0,3.0,63.0,0.0,51.8,6,16.333333333333332,3.0,198.0,12.306122448979593
253,Giovani Bernard,CIN,RB,43.0,30.0,53.0,170.0,0.0,234.0,0.0,68.4,2,48.0,0.0,404.0,8.416666666666666
256,Ryquell Armstead,JAX,RB,24.0,14.0,35.0,108.0,0.0,144.0,2.0,51.2,1,59.0,2.0,252.0,4.305084745762712
257,Wayne Gallman,NYG,RB,15.0,11.0,29.0,110.0,2.0,102.0,1.0,48.2,2,22.0,3.0,212.0,9.772727272727273
261,Ty Johnson,DET,RB,31.0,24.0,63.0,273.0,0.0,109.0,0.0,60.2,1,94.0,0.0,382.0,4.0638297872340425
266,Jonathan Williams,IND,RB,5.0,5.0,49.0,235.0,1.0,59.0,0.0,40.4,1,54.0,1.0,294.0,5.462962962962963
277,Kyle Juszczyk,SFO,RB,24.0,20.0,3.0,7.0,0.0,239.0,1.0,50.6,12,2.25,1.0,246.0,109.77777777777777
280,Qadree Ollison,ATL,RB,2.0,1.0,22.0,50.0,4.0,7.0,0.0,30.7,0,inf,4.0,57.0,0.0
291,Mark Walton,MIA,RB,21.0,15.0,53.0,201.0,0.0,89.0,0.0,42.0,4,18.5,0.0,290.0,15.675675675675675
296,Dontrell Hilliard,CLE,RB,15.0,12.0,13.0,49.0,2.0,92.0,0.0,38.1,0,inf,2.0,141.0,0.0
298,Bilal Powell,NYJ,RB,12.0,7.0,59.0,229.0,0.0,33.0,0.0,33.2,1,71.0,0.0,262.0,3.6901408450704225
306,Ito Smith,ATL,RB,14.0,11.0,22.0,106.0,1.0,87.0,0.0,36.3,0,inf,1.0,193.0,0.0
308,Ameer Abdullah,MIN,RB,21.0,15.0,23.0,115.0,0.0,88.0,1.0,39.3,0,inf,1.0,203.0,0.0
309,Myles Gaskin,MIA,RB,12.0,7.0,36.0,133.0,1.0,51.0,0.0,31.4,0,inf,1.0,184.0,0.0
314,Reggie Bonnafon,CAR,RB,9.0,6.0,16.0,116.0,1.0,57.0,0.0,29.3,0,inf,1.0,173.0,0.0
318,Darwin Thompson,KAN,RB,10.0,9.0,37.0,128.0,1.0,43.0,0.0,32.1,0,inf,1.0,171.0,0.0
321,Justin Jackson,LAC,RB,11.0,9.0,29.0,200.0,0.0,22.0,0.0,31.2,0,inf,0.0,222.0,0.0
327,C.J. Ham,MIN,RB,26.0,17.0,7.0,17.0,0.0,149.0,1.0,37.6,7,4.714285714285714,1.0,166.0,35.42424242424242
337,Ty Montgomery,NYJ,RB,17.0,13.0,32.0,103.0,0.0,90.0,0.0,32.3,2,24.5,0.0,193.0,7.877551020408164
338,C.J. Prosise,SEA,RB,12.0,10.0,23.0,72.0,1.0,76.0,0.0,28.8,0,inf,1.0,148.0,0.0
340,Darrell Henderson,LAR,RB,6.0,4.0,39.0,147.0,0.0,37.0,0.0,22.4,0,inf,0.0,184.0,0.0
344,Travis Homer,SEA,RB,13.0,11.0,18.0,114.0,0.0,56.0,0.0,28.0,1,31.0,0.0,170.0,5.483870967741935
352,T.J. Yeldon,BUF,RB,15.0,13.0,17.0,63.0,0.0,124.0,0.0,29.7,0,inf,0.0,187.0,0.0
353,Andrew Beck,DEN,RB,12.0,9.0,1.0,3.0,0.0,90.0,1.0,24.54,6,2.1666666666666665,1.0,93.0,43.38461538461539
359,Wendell Smallwood,WAS,RB,13.0,9.0,22.0,81.0,0.0,64.0,0.0,23.5,0,inf,0.0,145.0,0.0
362,Trey Edmunds,PIT,RB,7.0,6.0,22.0,92.0,0.0,48.0,0.0,20.0,0,inf,0.0,140.0,0.0
364,Wes Hills,DET,RB,2.0,2.0,10.0,21.0,2.0,1.0,0.0,16.2,1,12.0,2.0,22.0,2.0
373,Kerrith Whyte,PIT,RB,1.0,1.0,24.0,122.0,0.0,9.0,0.0,14.1,0,inf,0.0,131.0,0.0
378,Alec Ingold,OAK,RB,6.0,6.0,10.0,17.0,0.0,44.0,1.0,18.1,4,4.0,1.0,61.0,15.5
379,Javorius Allen,NYG,RB,2.0,1.0,10.0,36.0,1.0,9.0,0.0,11.5,0,inf,1.0,45.0,0.0
381,Darren Sproles,PHI,RB,10.0,6.0,17.0,66.0,0.0,24.0,0.0,15.0,1,27.0,0.0,90.0,3.3333333333333335
388,Andy Janovich,DEN,RB,5.0,5.0,1.0,1.0,1.0,42.0,0.0,15.3,3,2.0,1.0,43.0,22.0
392,Danny Vitale,GNB,RB,12.0,7.0,1.0,3.0,0.0,97.0,0.0,17.0,4,3.25,0.0,100.0,30.76923076923077
393,Derek Watt,LAC,RB,5.0,3.0,7.0,10.0,1.0,32.0,0.0,13.2,2,6.0,1.0,42.0,7.166666666666667
395,Kenjon Barner,ATL,RB,8.0,6.0,4.0,28.0,0.0,22.0,0.0,9.12,0,inf,0.0,50.0,0.0
401,D'Ernest Johnson,CLE,RB,7.0,6.0,4.0,21.0,0.0,71.0,0.0,15.2,0,inf,0.0,92.0,0.0
402,Marshawn Lynch,SEA,RB,0.0,0.0,12.0,34.0,1.0,0.0,0.0,9.4,0,inf,1.0,34.0,0.0
404,Alex Armah,CAR,RB,2.0,2.0,6.0,11.0,1.0,6.0,0.0,9.7,1,8.0,1.0,17.0,2.25
405,Nick Bellore,SEA,RB,2.0,2.0,0.0,0.0,0.0,23.0,1.0,10.3,1,2.0,1.0,23.0,12.0
414,Devontae Booker,DEN,RB,9.0,6.0,2.0,9.0,0.0,57.0,0.0,12.6,0,inf,0.0,66.0,0.0
415,Tra Carson,2TM,RB,4.0,4.0,18.0,48.0,0.0,18.0,0.0,10.6,1,22.0,0.0,66.0,3.0
416,Cethan Carter,CIN,RB,3.0,2.0,0.0,0.0,0.0,13.0,1.0,9.3,0,inf,1.0,13.0,0.0
418,Troymaine Pope,LAC,RB,3.0,2.0,10.0,20.0,0.0,14.0,1.0,9.4,0,inf,1.0,34.0,0.0
423,Spencer Ware,KAN,RB,7.0,5.0,17.0,51.0,0.0,22.0,0.0,12.3,1,24.0,0.0,73.0,3.0416666666666665
424,Dwayne Washington,NOR,RB,1.0,1.0,8.0,60.0,0.0,6.0,0.0,7.6,0,inf,0.0,66.0,0.0
430,Zach Line,NOR,RB,10.0,6.0,7.0,20.0,0.0,36.0,0.0,11.6,2,8.5,0.0,56.0,6.588235294117647
434,Khari Blasingame,TEN,RB,5.0,4.0,0.0,0.0,0.0,54.0,0.0,9.4,3,1.6666666666666667,0.0,54.0,32.4
436,Mike Davis,2TM,RB,8.0,7.0,13.0,27.0,0.0,22.0,0.0,11.9,1,21.0,0.0,49.0,2.3333333333333335
437,Patrick DiMarco,BUF,RB,7.0,5.0,3.0,7.0,0.0,41.0,0.0,9.8,4,2.5,0.0,48.0,19.2
438,Jon Hilliman,NYG,RB,4.0,3.0,30.0,91.0,0.0,1.0,0.0,8.2,1,34.0,0.0,92.0,2.7058823529411766
440,Taiwan Jones,HOU,RB,1.0,1.0,9.0,40.0,0.0,9.0,0.0,5.9,0,inf,0.0,49.0,0.0
442,Devine Ozigbo,JAX,RB,5.0,3.0,9.0,27.0,0.0,23.0,0.0,8.0,0,inf,0.0,50.0,0.0
443,Elijhaa Penny,NYG,RB,4.0,2.0,15.0,39.0,0.0,9.0,0.0,6.8,1,19.0,0.0,48.0,2.526315789473684
449,C.J. Anderson,DET,RB,0.0,0.0,16.0,43.0,0.0,0.0,0.0,4.3,0,inf,0.0,43.0,0.0
455,Paul Perkins,DET,RB,1.0,1.0,12.0,29.0,0.0,9.0,0.0,4.8,0,inf,0.0,38.0,0.0
456,Jay Ajayi,PHI,RB,1.0,0.0,10.0,30.0,0.0,0.0,0.0,3.0,0,inf,0.0,30.0,0.0
461,Dalyn Dawkins,TEN,RB,1.0,0.0,11.0,26.0,0.0,0.0,0.0,2.6,0,inf,0.0,26.0,0.0
473,Anthony Sherman,KAN,RB,3.0,2.0,4.0,9.0,0.0,22.0,0.0,5.1,0,inf,0.0,31.0,0.0
477,Nick Bawden,DET,RB,6.0,4.0,0.0,0.0,0.0,17.0,0.0,5.7,2,3.0,0.0,17.0,5.666666666666667
484,Tyler Ervin,2TM,RB,4.0,2.0,1.0,10.0,0.0,11.0,0.0,4.1,0,inf,0.0,21.0,0.0
487,T.J. Logan,TAM,RB,3.0,2.0,3.0,10.0,0.0,13.0,0.0,4.3,0,inf,0.0,23.0,0.0
492,Samaje Perine,2TM,RB,0.0,0.0,5.0,16.0,0.0,0.0,0.0,1.6,0,inf,0.0,16.0,0.0
494,Keith Smith,ATL,RB,3.0,1.0,5.0,8.0,0.0,13.0,0.0,3.1,5,1.6,0.0,21.0,13.125
497,Zach Zenner,3TM,RB,3.0,2.0,3.0,-2.0,0.0,19.0,0.0,3.7,0,inf,0.0,17.0,0.0
498,Josh Adams,NYJ,RB,0.0,0.0,8.0,12.0,0.0,0.0,0.0,1.2,0,inf,0.0,12.0,0.0
500,Tony Brooks-James,PIT,RB,0.0,0.0,8.0,7.0,0.0,0.0,0.0,0.7,0,inf,0.0,7.0,0.0
503,Josh Ferguson,WAS,RB,0.0,0.0,3.0,9.0,0.0,0.0,0.0,0.9,0,inf,0.0,9.0,0.0
508,Damien Harris,NWE,RB,0.0,0.0,4.0,12.0,0.0,0.0,0.0,1.2,0,inf,0.0,12.0,0.0
512,Buddy Howell,HOU,RB,0.0,0.0,5.0,10.0,0.0,0.0,0.0,1.0,0,inf,0.0,10.0,0.0
513,Jakob Johnson,NWE,RB,2.0,1.0,0.0,0.0,0.0,5.0,0.0,1.5,3,0.6666666666666666,0.0,5.0,7.5
515,John Kelly,LAR,RB,0.0,0.0,3.0,9.0,0.0,0.0,0.0,0.9,0,inf,0.0,9.0,0.0
519,Ryan Nall,CHI,RB,0.0,0.0,2.0,8.0,0.0,0.0,0.0,0.8,0,inf,0.0,8.0,0.0
522,Ricky Ortiz,NOR,RB,1.0,1.0,0.0,0.0,0.0,8.0,0.0,1.8,0,inf,0.0,8.0,0.0
523,Jordan Scarlett,CAR,RB,0.0,0.0,4.0,9.0,0.0,0.0,0.0,0.9,0,inf,0.0,9.0,0.0
533,De'Lance Turner,MIA,RB,0.0,0.0,4.0,6.0,0.0,0.0,0.0,0.6,0,inf,0.0,6.0,0.0
535,Dexter Williams,GNB,RB,0.0,0.0,5.0,11.0,0.0,0.0,0.0,1.1,0,inf,0.0,11.0,0.0
550,James Develin,NWE,RB,0.0,0.0,2.0,3.0,0.0,0.0,0.0,0.3,2,1.0,0.0,3.0,3.0
583,Alfred Morris,ARI,RB,0.0,0.0,1.0,4.0,0.0,0.0,0.0,0.4,0,inf,0.0,4.0,0.0
586,Roosevelt Nix,PIT,RB,3.0,2.0,0.0,0.0,0.0,4.0,0.0,2.4,0,inf,0.0,4.0,0.0
589,Senorise Perry,BUF,RB,1.0,1.0,3.0,3.0,0.0,1.0,0.0,1.4,0,inf,0.0,4.0,0.0
620,Derrick Henry,TEN,RB,31.0,19.0,378.0,2027.0,17.0,114.0,0.0,314.0,16,25.5625,17.0,2141.0,84.42053789731051
621,Alvin Kamara,NOR,RB,107.0,83.0,187.0,932.0,16.0,756.0,5.0,295.0,10,29.4,21.0,1688.0,58.12925170068028
622,Dalvin Cook,MIN,RB,54.0,44.0,312.0,1557.0,16.0,361.0,1.0,294.0,14,26.142857142857142,17.0,1918.0,74.01639344262296
631,Jonathan Taylor,IND,RB,39.0,36.0,232.0,1169.0,11.0,299.0,1.0,217.0,13,20.846153846153847,12.0,1468.0,70.99630996309963
632,Aaron Jones,GNB,RB,63.0,47.0,201.0,1104.0,9.0,355.0,2.0,212.0,14,18.857142857142858,11.0,1459.0,77.95454545454545
634,David Montgomery,CHI,RB,68.0,54.0,247.0,1070.0,8.0,438.0,2.0,211.0,14,22.5,10.0,1508.0,67.46666666666667
637,James Robinson,JAX,RB,60.0,49.0,240.0,1070.0,7.0,344.0,3.0,201.0,14,21.428571428571427,10.0,1414.0,66.45333333333333
638,Josh Jacobs,LVR,RB,45.0,33.0,273.0,1065.0,12.0,238.0,0.0,198.0,15,21.2,12.0,1303.0,62.028301886792455
641,Nick Chubb,CLE,RB,18.0,16.0,190.0,1067.0,12.0,150.0,0.0,192.0,12,17.333333333333332,12.0,1217.0,70.90384615384616
650,Kareem Hunt,CLE,RB,51.0,38.0,198.0,841.0,6.0,304.0,5.0,181.0,5,49.8,11.0,1145.0,23.21285140562249
652,Ezekiel Elliott,DAL,RB,71.0,52.0,244.0,979.0,6.0,338.0,2.0,172.0,15,21.0,8.0,1317.0,63.095238095238095
654,Kenyan Drake,ARI,RB,31.0,25.0,239.0,955.0,10.0,137.0,0.0,167.0,13,20.76923076923077,10.0,1092.0,53.05925925925926
655,Melvin Gordon,DEN,RB,44.0,32.0,215.0,986.0,9.0,158.0,1.0,166.0,10,25.9,10.0,1144.0,44.55598455598456
656,Antonio Gibson,WAS,RB,44.0,36.0,170.0,795.0,11.0,247.0,0.0,166.0,10,21.4,11.0,1042.0,49.205607476635514
660,Ronald Jones II,TAM,RB,42.0,28.0,192.0,978.0,7.0,165.0,1.0,158.0,13,18.0,8.0,1143.0,63.94444444444444
667,Chris Carson,SEA,RB,46.0,37.0,141.0,681.0,5.0,287.0,4.0,151.0,12,15.583333333333334,9.0,968.0,62.6951871657754
668,J.K. Dobbins,BAL,RB,24.0,18.0,134.0,805.0,9.0,120.0,0.0,151.0,1,158.0,9.0,925.0,5.9113924050632916
673,Mike Davis,CAR,RB,70.0,59.0,165.0,642.0,6.0,373.0,2.0,148.0,12,19.583333333333332,8.0,1015.0,52.23829787234043
675,David Johnson,HOU,RB,46.0,33.0,147.0,691.0,6.0,314.0,2.0,147.0,12,16.083333333333332,8.0,1005.0,62.984455958549226
679,D'Andre Swift,DET,RB,57.0,46.0,114.0,521.0,8.0,357.0,2.0,144.0,4,42.75,10.0,878.0,20.771929824561404
680,Miles Sanders,PHI,RB,52.0,28.0,164.0,867.0,6.0,197.0,0.0,142.0,11,19.636363636363637,6.0,1064.0,54.49074074074074
684,Clyde Edwards-Helaire,KAN,RB,54.0,36.0,181.0,803.0,4.0,297.0,1.0,140.0,13,18.076923076923077,5.0,1100.0,61.12765957446808
688,Todd Gurley,ATL,RB,35.0,25.0,195.0,678.0,9.0,164.0,0.0,138.0,15,15.333333333333334,9.0,842.0,55.5
696,Nyheim Hines,IND,RB,76.0,63.0,89.0,380.0,3.0,482.0,4.0,130.0,2,82.5,7.0,862.0,10.533333333333333
718,James Conner,PIT,RB,43.0,35.0,169.0,721.0,6.0,215.0,0.0,130.0,11,19.272727272727273,6.0,936.0,48.87735849056604
719,Jeff Wilson,SFO,RB,28.0,13.0,126.0,600.0,7.0,133.0,3.0,129.0,3,51.333333333333336,10.0,733.0,14.474025974025974
725,Myles Gaskin,MIA,RB,47.0,41.0,142.0,584.0,3.0,388.0,2.0,123.0,7,27.0,5.0,972.0,36.18518518518518
726,Gus Edwards,BAL,RB,13.0,9.0,144.0,723.0,6.0,129.0,0.0,119.0,6,26.166666666666668,6.0,852.0,32.78980891719745
728,Wayne Gallman,NYG,RB,27.0,21.0,147.0,682.0,6.0,114.0,0.0,116.0,10,17.4,6.0,796.0,46.09195402298851
731,Chase Edmonds,ARI,RB,67.0,53.0,97.0,448.0,1.0,402.0,4.0,115.0,2,82.0,5.0,850.0,10.426829268292684
734,Darrell Henderson,LAR,RB,24.0,16.0,138.0,624.0,5.0,159.0,1.0,114.0,11,14.727272727272727,6.0,783.0,53.574074074074076
736,Latavius Murray,NOR,RB,26.0,23.0,146.0,656.0,4.0,176.0,1.0,113.0,7,24.571428571428573,5.0,832.0,34.06395348837209
737,Adrian Peterson,DET,RB,18.0,12.0,156.0,604.0,7.0,101.0,0.0,113.0,10,17.4,7.0,705.0,40.91954022988506
738,Giovani Bernard,CIN,RB,59.0,47.0,124.0,416.0,3.0,355.0,3.0,111.0,10,18.3,6.0,771.0,42.459016393442624
739,Austin Ekeler,LAC,RB,65.0,54.0,116.0,530.0,1.0,403.0,2.0,111.0,10,18.1,3.0,933.0,51.712707182320436
740,J.D. McKissic,WAS,RB,110.0,80.0,85.0,365.0,1.0,589.0,2.0,111.0,7,27.857142857142858,3.0,954.0,34.353846153846156
746,Devin Singletary,BUF,RB,50.0,38.0,156.0,687.0,2.0,269.0,0.0,106.0,16,12.875,2.0,956.0,74.40776699029126
758,Leonard Fournette,TAM,RB,47.0,36.0,97.0,367.0,6.0,233.0,0.0,96.0,3,48.0,6.0,600.0,12.625
759,Jamaal Williams,GNB,RB,35.0,31.0,119.0,505.0,2.0,236.0,1.0,96.0,3,51.333333333333336,3.0,741.0,14.493506493506493
761,Jerick McKinnon,SFO,RB,46.0,33.0,81.0,319.0,5.0,253.0,1.0,93.0,4,31.75,6.0,572.0,18.20472440944882
763,Tony Pollard,DAL,RB,40.0,28.0,101.0,435.0,4.0,193.0,1.0,93.0,2,70.5,5.0,628.0,8.97872340425532
764,Cam Akers,LAR,RB,14.0,11.0,145.0,625.0,2.0,123.0,1.0,91.0,5,31.8,3.0,748.0,23.61635220125786
768,Zack Moss,BUF,RB,18.0,14.0,112.0,481.0,4.0,95.0,1.0,88.0,0,inf,5.0,576.0,0.0
771,Malcolm Brown,LAR,RB,33.0,23.0,101.0,419.0,5.0,162.0,0.0,86.0,0,inf,5.0,581.0,0.0
773,Damien Harris,NWE,RB,7.0,5.0,137.0,691.0,2.0,52.0,0.0,86.0,10,14.4,2.0,743.0,51.73611111111111
775,Frank Gore,NYJ,RB,19.0,16.0,187.0,653.0,2.0,89.0,0.0,84.0,14,14.714285714285714,2.0,742.0,50.56310679611651
780,Raheem Mostert,SFO,RB,19.0,16.0,104.0,521.0,2.0,156.0,1.0,84.0,8,15.375,3.0,677.0,44.22764227642276
782,Rex Burkhead,NWE,RB,33.0,25.0,67.0,274.0,3.0,192.0,3.0,83.0,0,inf,6.0,466.0,0.0
785,Joe Mixon,CIN,RB,26.0,21.0,119.0,428.0,3.0,138.0,1.0,79.0,6,24.166666666666668,4.0,566.0,23.586206896551722
790,Alexander Mattison,MIN,RB,15.0,13.0,96.0,434.0,2.0,125.0,1.0,74.0,2,55.5,3.0,559.0,10.126126126126126
791,Christian McCaffrey,CAR,RB,19.0,17.0,59.0,225.0,5.0,149.0,1.0,73.0,3,26.0,6.0,374.0,14.615384615384615
795,Boston Scott,PHI,RB,36.0,25.0,80.0,374.0,1.0,212.0,1.0,71.0,4,29.0,2.0,586.0,20.275862068965516
797,Brian Hill,ATL,RB,30.0,25.0,100.0,465.0,1.0,199.0,0.0,70.0,1,130.0,1.0,664.0,5.115384615384615
800,Devontae Booker,LVR,RB,21.0,17.0,93.0,423.0,3.0,84.0,0.0,69.0,1,114.0,3.0,507.0,4.473684210526316
802,Carlos Hyde,SEA,RB,20.0,16.0,81.0,356.0,4.0,93.0,0.0,69.0,1,101.0,4.0,449.0,4.485148514851486
810,Sony Michel,NWE,RB,9.0,7.0,79.0,449.0,1.0,114.0,1.0,68.0,6,14.666666666666666,2.0,563.0,38.52272727272727
811,James White,NWE,RB,62.0,49.0,35.0,121.0,2.0,375.0,1.0,68.0,0,inf,3.0,496.0,0.0
813,Kalen Ballage,2TM,RB,37.0,29.0,91.0,303.0,3.0,166.0,0.0,65.0,2,64.0,3.0,469.0,7.375
815,Benny Snell Jr.,PIT,RB,14.0,10.0,111.0,368.0,4.0,61.0,0.0,65.0,3,41.666666666666664,4.0,429.0,10.392000000000001
820,Kyle Juszczyk,SFO,RB,29.0,19.0,17.0,64.0,2.0,202.0,4.0,63.0,15,3.066666666666667,6.0,266.0,88.69565217391303
830,Le'Veon Bell,2TM,RB,20.0,16.0,82.0,328.0,2.0,138.0,0.0,59.0,4,25.5,2.0,466.0,18.352941176470587
831,Phillip Lindsay,DEN,RB,14.0,7.0,118.0,502.0,1.0,28.0,0.0,59.0,8,16.5,1.0,530.0,32.18181818181818
833,Salvon Ahmed,MIA,RB,14.0,11.0,75.0,319.0,3.0,61.0,0.0,58.0,4,22.25,3.0,380.0,17.213483146067414
834,Joshua Kelley,LAC,RB,23.0,23.0,111.0,354.0,2.0,148.0,0.0,58.0,0,inf,2.0,502.0,0.0
838,Duke Johnson,HOU,RB,35.0,28.0,77.0,235.0,1.0,249.0,1.0,56.0,5,22.4,2.0,484.0,21.696428571428573
843,Samaje Perine,CIN,RB,12.0,11.0,63.0,301.0,3.0,66.0,0.0,55.0,1,75.0,3.0,367.0,4.933333333333334
846,Kerryon Johnson,DET,RB,26.0,19.0,52.0,181.0,2.0,187.0,1.0,53.0,2,39.0,3.0,368.0,9.512820512820513
850,Peyton Barber,WAS,RB,7.0,4.0,94.0,258.0,4.0,12.0,0.0,51.0,2,50.5,4.0,270.0,5.425742574257426
856,Jordan Wilkins,IND,RB,16.0,12.0,84.0,308.0,1.0,105.0,0.0,49.0,0,inf,1.0,413.0,0.0
863,Mark Ingram,BAL,RB,8.0,6.0,72.0,299.0,2.0,50.0,0.0,47.0,9,8.88888888888889,2.0,349.0,39.4875
864,Ty Johnson,2TM,RB,21.0,16.0,54.0,254.0,1.0,99.0,1.0,47.0,1,75.0,2.0,353.0,4.733333333333333
868,Justin Jackson,LAC,RB,24.0,19.0,59.0,270.0,0.0,173.0,0.0,46.0,4,20.75,0.0,443.0,21.349397590361445
877,La'Mical Perine,NYJ,RB,15.0,11.0,64.0,232.0,2.0,63.0,0.0,42.0,0,inf,2.0,295.0,0.0
884,DeeJay Dallas,SEA,RB,20.0,17.0,34.0,108.0,2.0,111.0,1.0,40.0,2,27.0,3.0,219.0,8.222222222222221
885,Ito Smith,ATL,RB,26.0,17.0,63.0,268.0,1.0,75.0,0.0,40.0,0,inf,1.0,343.0,0.0
889,AJ Dillon,GNB,RB,2.0,2.0,46.0,242.0,2.0,21.0,0.0,38.0,0,inf,2.0,263.0,0.0
890,Dion Lewis,NYG,RB,30.0,19.0,29.0,115.0,2.0,127.0,1.0,38.0,0,inf,3.0,242.0,0.0
892,Alfred Morris,NYG,RB,4.0,3.0,55.0,238.0,1.0,19.0,1.0,38.0,0,inf,2.0,257.0,0.0
895,Darrel Williams,KAN,RB,26.0,18.0,39.0,169.0,1.0,116.0,0.0,37.0,0,inf,1.0,285.0,0.0
902,Matt Breida,MIA,RB,10.0,9.0,59.0,254.0,0.0,96.0,0.0,33.0,1,69.0,0.0,350.0,5.072463768115942
908,Jeremy McNichols,TEN,RB,17.0,12.0,47.0,204.0,1.0,55.0,0.0,32.0,0,inf,1.0,259.0,0.0
909,Jalen Richard,LVR,RB,23.0,19.0,22.0,123.0,1.0,138.0,0.0,32.0,0,inf,1.0,261.0,0.0
910,Josh Adams,NYJ,RB,8.0,6.0,29.0,157.0,2.0,29.0,0.0,31.0,0,inf,2.0,186.0,0.0
916,Jordan Howard,2TM,RB,1.0,1.0,35.0,60.0,4.0,-3.0,0.0,30.0,4,9.0,4.0,57.0,6.777777777777778
920,Devonta Freeman,NYG,RB,10.0,7.0,54.0,172.0,1.0,58.0,0.0,29.0,4,16.0,1.0,230.0,14.4375
930,Rodney Smith,CAR,RB,11.0,9.0,41.0,156.0,1.0,59.0,0.0,28.0,1,52.0,1.0,215.0,4.153846153846154
934,Lynn Bowden Jr.,MIA,RB,37.0,28.0,9.0,32.0,0.0,211.0,0.0,26.0,4,11.5,0.0,243.0,21.130434782608695
939,Darwin Thompson,KAN,RB,11.0,7.0,27.0,97.0,1.0,65.0,1.0,26.0,1,38.0,2.0,162.0,4.315789473684211
942,Royce Freeman,DEN,RB,13.0,12.0,35.0,170.0,0.0,81.0,0.0,25.0,0,inf,0.0,251.0,0.0
944,Jamycal Hasty,SFO,RB,8.0,7.0,39.0,148.0,1.0,33.0,0.0,24.0,0,inf,1.0,181.0,0.0
946,Travis Homer,SEA,RB,10.0,9.0,25.0,88.0,0.0,90.0,1.0,24.0,0,inf,1.0,178.0,0.0
950,Chris Thompson,JAX,RB,23.0,20.0,7.0,20.0,0.0,146.0,1.0,23.0,0,inf,1.0,166.0,0.0
952,Ameer Abdullah,MIN,RB,9.0,8.0,8.0,42.0,0.0,58.0,2.0,22.0,0,inf,2.0,100.0,0.0
959,Alex Collins,SEA,RB,2.0,1.0,18.0,77.0,2.0,4.0,0.0,20.0,1,20.0,2.0,81.0,4.15
960,Dare Ogunbowale,JAX,RB,20.0,10.0,32.0,145.0,0.0,54.0,0.0,20.0,2,26.0,0.0,199.0,7.653846153846154
962,Antonio Williams,BUF,RB,1.0,1.0,12.0,63.0,2.0,20.0,0.0,20.0,0,inf,2.0,83.0,0.0
968,C.J. Ham,MIN,RB,13.0,8.0,5.0,18.0,0.0,97.0,1.0,18.0,11,1.6363636363636365,1.0,115.0,70.88888888888889
972,D'Ernest Johnson,CLE,RB,4.0,3.0,33.0,166.0,0.0,14.0,0.0,18.0,0,inf,0.0,180.0,0.0
979,Ke'Shawn Vaughn,TAM,RB,10.0,5.0,26.0,109.0,0.0,34.0,1.0,18.0,0,inf,1.0,143.0,0.0
982,Alec Ingold,LVR,RB,17.0,12.0,3.0,4.0,0.0,110.0,1.0,17.0,4,5.0,1.0,114.0,23.0
984,Anthony McFarland Jr.,PIT,RB,9.0,6.0,33.0,113.0,0.0,54.0,0.0,17.0,0,inf,0.0,167.0,0.0
990,Trayveon Williams,CIN,RB,5.0,5.0,26.0,157.0,0.0,30.0,0.0,17.0,0,inf,0.0,187.0,0.0
993,Corey Clement,PHI,RB,6.0,5.0,21.0,75.0,1.0,25.0,0.0,16.0,0,inf,1.0,100.0,0.0
994,D'Onta Foreman,TEN,RB,1.0,1.0,22.0,95.0,0.0,5.0,1.0,16.0,0,inf,1.0,100.0,0.0
995,Malcolm Perry,MIA,RB,13.0,9.0,3.0,5.0,0.0,92.0,1.0,16.0,2,8.0,1.0,97.0,12.25
999,Reggie Bonnafon,CAR,RB,2.0,2.0,12.0,69.0,0.0,18.0,1.0,15.0,0,inf,1.0,87.0,0.0
1001,Tyler Ervin,GNB,RB,15.0,11.0,13.0,67.0,0.0,84.0,0.0,15.0,0,inf,0.0,151.0,0.0
1004,Gabe Nabers,LAC,RB,7.0,5.0,2.0,7.0,0.0,25.0,2.0,15.0,5,1.8,2.0,32.0,18.88888888888889
1007,T.J. Yeldon,BUF,RB,4.0,1.0,10.0,70.0,0.0,22.0,1.0,15.0,0,inf,1.0,92.0,0.0
1009,Darrynton Evans,TEN,RB,4.0,2.0,14.0,54.0,0.0,27.0,1.0,14.0,0,inf,1.0,81.0,0.0
1013,Mike Boone,MIN,RB,2.0,2.0,11.0,59.0,1.0,10.0,0.0,13.0,0,inf,1.0,69.0,0.0
1015,LeSean McCoy,TAM,RB,19.0,15.0,10.0,31.0,0.0,101.0,0.0,13.0,0,inf,0.0,132.0,0.0
1016,Ty Montgomery,NOR,RB,6.0,3.0,19.0,101.0,0.0,27.0,0.0,13.0,1,25.0,0.0,128.0,5.12
1017,Ryan Nall,CHI,RB,9.0,8.0,3.0,0.0,0.0,67.0,1.0,13.0,0,inf,1.0,67.0,0.0
1020,Tarik Cohen,CHI,RB,9.0,6.0,14.0,74.0,0.0,41.0,0.0,12.0,0,inf,0.0,115.0,0.0
1024,Patrick Laird,MIA,RB,12.0,10.0,13.0,72.0,0.0,68.0,0.0,12.0,0,inf,0.0,140.0,0.0
1027,Troymaine Pope,LAC,RB,10.0,8.0,15.0,76.0,0.0,42.0,0.0,12.0,0,inf,0.0,118.0,0.0
1028,DeAndre Washington,2TM,RB,10.0,5.0,31.0,91.0,0.0,30.0,0.0,12.0,1,41.0,0.0,121.0,2.951219512195122
1038,J.J. Taylor,NWE,RB,2.0,1.0,23.0,110.0,0.0,4.0,0.0,11.0,0,inf,0.0,114.0,0.0
1042,Jakob Johnson,NWE,RB,9.0,8.0,0.0,0.0,0.0,35.0,1.0,10.0,11,0.8181818181818182,1.0,35.0,44.0
1046,Saquon Barkley,NYG,RB,9.0,6.0,19.0,34.0,0.0,60.0,0.0,9.0,2,14.0,0.0,94.0,6.714285714285714
1049,Tevin Coleman,SFO,RB,5.0,4.0,28.0,53.0,0.0,34.0,0.0,9.0,1,33.0,0.0,87.0,2.6363636363636362
1054,Artavis Pierce,CHI,RB,0.0,0.0,6.0,34.0,1.0,0.0,0.0,9.0,0,inf,1.0,34.0,0.0
1061,Justice Hill,BAL,RB,5.0,5.0,12.0,60.0,0.0,20.0,0.0,8.0,0,inf,0.0,80.0,0.0
1063,C.J. Prosise,HOU,RB,5.0,5.0,10.0,19.0,0.0,18.0,1.0,8.0,0,inf,1.0,37.0,0.0
1064,Patrick Ricard,BAL,RB,12.0,9.0,1.0,-1.0,0.0,45.0,1.0,8.0,10,1.3,1.0,44.0,34.61538461538461
1068,Buddy Howell,HOU,RB,2.0,1.0,16.0,64.0,0.0,3.0,0.0,7.0,0,inf,0.0,67.0,0.0
1069,Jaylen Samuels,PIT,RB,14.0,9.0,9.0,28.0,0.0,46.0,0.0,7.0,1,23.0,0.0,74.0,3.217391304347826
1070,Anthony Sherman,KAN,RB,2.0,1.0,3.0,8.0,0.0,5.0,1.0,7.0,1,5.0,1.0,13.0,2.8
1071,Keith Smith,ATL,RB,15.0,11.0,4.0,7.0,0.0,59.0,0.0,7.0,7,2.7142857142857144,0.0,66.0,24.31578947368421
1074,Jonathan Ward,ARI,RB,1.0,1.0,0.0,0.0,0.0,11.0,1.0,7.0,0,inf,1.0,11.0,0.0
1079,Marlon Mack,IND,RB,3.0,3.0,4.0,26.0,0.0,30.0,0.0,6.0,1,7.0,0.0,56.0,8.0
1083,Theo Riddick,LVR,RB,6.0,5.0,6.0,14.0,0.0,43.0,0.0,6.0,0,inf,0.0,57.0,0.0
1086,Michael Burton,NOR,RB,4.0,4.0,7.0,18.0,0.0,28.0,0.0,5.0,4,2.75,0.0,46.0,16.727272727272727
1087,Trenton Cannon,CAR,RB,3.0,3.0,10.0,33.0,0.0,16.0,0.0,5.0,0,inf,0.0,49.0,0.0
1090,Dontrell Hilliard,2TM,RB,1.0,1.0,9.0,48.0,0.0,2.0,0.0,5.0,0,inf,0.0,50.0,0.0
1098,Khari Blasingame,TEN,RB,5.0,4.0,0.0,0.0,0.0,39.0,0.0,4.0,7,0.7142857142857143,0.0,39.0,54.6
1108,Devine Ozigbo,JAX,RB,9.0,9.0,1.0,1.0,0.0,42.0,0.0,4.0,0,inf,0.0,43.0,0.0
1109,Elijhaa Penny,NYG,RB,3.0,2.0,6.0,15.0,0.0,20.0,0.0,4.0,0,inf,0.0,35.0,0.0
1114,Alex Armah,CAR,RB,9.0,5.0,6.0,9.0,0.0,18.0,0.0,3.0,1,15.0,0.0,27.0,1.8
1123,Rashaad Penny,SEA,RB,0.0,0.0,11.0,34.0,0.0,0.0,0.0,3.0,0,inf,0.0,34.0,0.0
1125,Bo Scarbrough,SEA,RB,0.0,0.0,6.0,31.0,0.0,0.0,0.0,3.0,0,inf,0.0,31.0,0.0
1127,Austin Walter,SFO,RB,1.0,1.0,1.0,3.0,0.0,27.0,0.0,3.0,0,inf,0.0,30.0,0.0
1128,LeVante Bellamy,DEN,RB,1.0,1.0,4.0,11.0,0.0,5.0,0.0,2.0,0,inf,0.0,16.0,0.0
1133,Rico Dowdle,DAL,RB,0.0,0.0,7.0,24.0,0.0,0.0,0.0,2.0,0,inf,0.0,24.0,0.0
1137,Jason Huntley,PHI,RB,2.0,1.0,5.0,19.0,0.0,0.0,0.0,2.0,0,inf,0.0,19.0,0.0
1138,Andy Janovich,CLE,RB,5.0,2.0,2.0,4.0,0.0,13.0,0.0,2.0,3,2.3333333333333335,0.0,17.0,7.285714285714286
1145,Scottie Phillips,HOU,RB,1.0,1.0,2.0,9.0,0.0,7.0,0.0,2.0,0,inf,0.0,16.0,0.0
1150,Dwayne Washington,NOR,RB,0.0,0.0,8.0,15.0,0.0,0.0,0.0,2.0,0,inf,0.0,15.0,0.0
1152,Nick Bellore,SEA,RB,1.0,1.0,1.0,5.0,0.0,9.0,0.0,1.0,0,inf,0.0,14.0,0.0
1156,Chandler Cox,MIA,RB,2.0,2.0,0.0,0.0,0.0,9.0,0.0,1.0,3,0.6666666666666666,0.0,9.0,13.5
1160,D.J. Foster,ARI,RB,1.0,1.0,2.0,2.0,0.0,7.0,0.0,1.0,0,inf,0.0,9.0,0.0
1162,Cullen Gillaspia,HOU,RB,1.0,1.0,0.0,0.0,0.0,6.0,0.0,1.0,0,inf,0.0,6.0,0.0
1167,Tony Jones,NOR,RB,0.0,0.0,3.0,13.0,0.0,0.0,0.0,1.0,1,3.0,0.0,13.0,4.333333333333333
1172,Lamar Miller,CHI,RB,2.0,2.0,0.0,0.0,0.0,6.0,0.0,1.0,0,inf,0.0,6.0,0.0
1173,Senorise Perry,TEN,RB,0.0,0.0,2.0,9.0,0.0,0.0,0.0,1.0,0,inf,0.0,9.0,0.0
1175,Craig Reynolds,JAX,RB,1.0,1.0,1.0,4.0,0.0,3.0,0.0,1.0,0,inf,0.0,7.0,0.0
1180,Dexter Williams,GNB,RB,0.0,0.0,2.0,8.0,0.0,0.0,0.0,1.0,0,inf,0.0,8.0,0.0
1181,Jonathan Williams,DET,RB,4.0,4.0,1.0,5.0,0.0,21.0,0.0,1.0,0,inf,0.0,26.0,0.0
1191,Tony Brooks-James,ATL,RB,0.0,0.0,3.0,4.0,0.0,0.0,0.0,,0,inf,0.0,4.0,0.0
1212,Bruce Miller,JAX,RB,2.0,1.0,0.0,0.0,0.0,2.0,0.0,,5,0.4,0.0,2.0,5.0
1218,Qadree Ollison,ATL,RB,0.0,0.0,1.0,3.0,0.0,0.0,0.0,,0,inf,0.0,3.0,0.0
1240,Adrian Killins,PHI,RB,1.0,1.0,1.0,-12.0,0.0,2.0,0.0,-1.0,0,inf,0.0,-10.0,-0.0
1246,Jonathan Taylor,IND,RB,51.0,40.0,332.0,1811.0,18.0,360.0,2.0,333.0,17,22.529411764705884,20.0,2171.0,97.25065274151436
1250,Austin Ekeler,LAC,RB,94.0,70.0,206.0,911.0,12.0,647.0,8.0,274.0,16,18.75,20.0,1558.0,84.16
1256,Joe Mixon,CIN,RB,48.0,42.0,292.0,1205.0,13.0,314.0,3.0,246.0,16,21.25,16.0,1519.0,72.23529411764706
1259,Najee Harris,PIT,RB,94.0,74.0,307.0,1200.0,7.0,467.0,3.0,227.0,17,23.58823529411765,10.0,1667.0,71.09476309226932
1261,James Conner,ARI,RB,39.0,37.0,202.0,752.0,15.0,375.0,3.0,221.0,6,40.166666666666664,18.0,1127.0,28.506224066390043
1267,Ezekiel Elliott,DAL,RB,65.0,47.0,237.0,1002.0,10.0,287.0,2.0,205.0,17,17.764705882352942,12.0,1289.0,73.23509933774834
1269,Nick Chubb,CLE,RB,25.0,20.0,228.0,1259.0,8.0,174.0,1.0,195.0,14,18.071428571428573,9.0,1433.0,79.79446640316205
1273,Damien Harris,NWE,RB,21.0,18.0,202.0,929.0,15.0,132.0,0.0,192.0,15,14.866666666666667,15.0,1061.0,72.37668161434978
1277,Alvin Kamara,NOR,RB,67.0,47.0,240.0,898.0,4.0,439.0,5.0,188.0,10,30.7,9.0,1337.0,43.843648208469055
1278,Antonio Gibson,WAS,RB,52.0,42.0,258.0,1037.0,7.0,294.0,3.0,187.0,14,22.142857142857142,10.0,1331.0,60.561290322580646
1279,Leonard Fournette,TAM,RB,84.0,69.0,180.0,812.0,8.0,454.0,2.0,187.0,13,20.307692307692307,10.0,1266.0,62.833333333333336
1281,Cordarrelle Patterson,ATL,RB,69.0,52.0,153.0,618.0,6.0,548.0,5.0,183.0,13,17.076923076923077,11.0,1166.0,68.92342342342343
1287,Aaron Jones,GNB,RB,65.0,52.0,171.0,799.0,4.0,391.0,6.0,177.0,15,15.733333333333333,10.0,1190.0,76.27118644067797
1289,Derrick Henry,TEN,RB,20.0,18.0,219.0,937.0,10.0,154.0,0.0,175.0,8,29.875,10.0,1091.0,36.85355648535565
1291,Dalvin Cook,MIN,RB,49.0,34.0,249.0,1159.0,6.0,224.0,0.0,172.0,13,22.923076923076923,6.0,1383.0,60.59395973154362
1292,Josh Jacobs,LVR,RB,64.0,54.0,217.0,872.0,9.0,348.0,0.0,172.0,14,20.071428571428573,9.0,1220.0,61.231316725978644
1299,Melvin Gordon,DEN,RB,38.0,28.0,203.0,918.0,8.0,213.0,2.0,167.0,16,15.0625,10.0,1131.0,75.75103734439834
1305,Javonte Williams,DEN,RB,53.0,43.0,203.0,903.0,4.0,316.0,3.0,162.0,1,256.0,7.0,1219.0,4.7890625
1311,Devin Singletary,BUF,RB,50.0,40.0,188.0,870.0,7.0,228.0,1.0,158.0,16,14.875,8.0,1098.0,74.3529411764706
1314,David Montgomery,CHI,RB,51.0,42.0,225.0,849.0,7.0,301.0,0.0,153.0,13,21.23076923076923,7.0,1150.0,54.4963768115942
1315,AJ Dillon,GNB,RB,37.0,34.0,187.0,803.0,5.0,313.0,2.0,152.0,2,112.0,7.0,1116.0,10.026785714285714
1317,Darrel Williams,KAN,RB,57.0,47.0,144.0,558.0,6.0,452.0,2.0,149.0,7,28.714285714285715,8.0,1010.0,35.45273631840796
1318,D'Andre Swift,DET,RB,78.0,62.0,151.0,617.0,5.0,452.0,2.0,147.0,4,57.25,7.0,1069.0,18.79475982532751
1321,Elijah Mitchell,SFO,RB,20.0,19.0,207.0,963.0,5.0,137.0,1.0,146.0,10,22.7,6.0,1100.0,48.72246696035243
1342,James Robinson,JAX,RB,46.0,31.0,164.0,767.0,8.0,222.0,0.0,143.0,13,16.153846153846153,8.0,989.0,61.71904761904762
1343,Darrell Henderson,LAR,RB,40.0,29.0,149.0,688.0,5.0,176.0,3.0,134.0,10,18.9,8.0,864.0,46.13756613756614
1345,Myles Gaskin,MIA,RB,63.0,49.0,173.0,612.0,3.0,234.0,4.0,125.0,10,23.6,7.0,846.0,36.144067796610166
1346,Sony Michel,LAR,RB,33.0,21.0,208.0,845.0,4.0,128.0,1.0,125.0,7,34.42857142857143,5.0,973.0,28.406639004149376
1347,Tony Pollard,DAL,RB,46.0,39.0,130.0,719.0,2.0,337.0,0.0,124.0,0,inf,2.0,1056.0,0.0
1350,Michael Carter,NYJ,RB,55.0,36.0,147.0,639.0,4.0,325.0,0.0,118.0,11,18.363636363636363,4.0,964.0,52.71287128712871
1355,Rashaad Penny,SEA,RB,8.0,6.0,119.0,749.0,6.0,48.0,0.0,116.0,6,21.166666666666668,6.0,797.0,37.93700787401575
1357,Devonta Freeman,BAL,RB,42.0,34.0,133.0,576.0,5.0,190.0,1.0,113.0,8,21.875,6.0,766.0,35.29142857142857
1358,Chuba Hubbard,CAR,RB,37.0,25.0,172.0,612.0,5.0,174.0,1.0,113.0,10,20.9,6.0,786.0,37.89473684210527
1360,Saquon Barkley,NYG,RB,57.0,41.0,162.0,593.0,2.0,263.0,2.0,108.0,13,16.846153846153847,4.0,856.0,51.050228310502284
1365,Devontae Booker,NYG,RB,45.0,40.0,145.0,593.0,2.0,268.0,1.0,104.0,4,47.5,3.0,861.0,18.189473684210526
1371,Rhamondre Stevenson,NWE,RB,18.0,14.0,133.0,606.0,5.0,123.0,0.0,101.0,2,75.5,5.0,729.0,9.721854304635762
1372,Chase Edmonds,ARI,RB,53.0,43.0,116.0,592.0,2.0,311.0,0.0,100.0,11,15.363636363636363,2.0,903.0,58.905325443786985
1373,Clyde Edwards-Helaire,KAN,RB,23.0,19.0,119.0,517.0,4.0,129.0,2.0,99.0,10,14.2,6.0,646.0,45.91549295774648
1376,Mike Davis,ATL,RB,58.0,44.0,138.0,503.0,3.0,259.0,1.0,94.0,8,24.5,4.0,762.0,31.26530612244898
1377,Alexander Mattison,MIN,RB,39.0,32.0,134.0,491.0,3.0,228.0,1.0,94.0,4,43.25,4.0,719.0,16.716763005780347
1378,Latavius Murray,BAL,RB,13.0,10.0,119.0,501.0,6.0,75.0,0.0,94.0,6,22.0,6.0,576.0,26.454545454545453
1379,Jamaal Williams,DET,RB,28.0,26.0,153.0,601.0,3.0,157.0,0.0,94.0,11,16.454545454545453,3.0,758.0,46.24861878453039
1385,Christian McCaffrey,CAR,RB,41.0,37.0,99.0,442.0,1.0,343.0,1.0,91.0,7,20.0,2.0,785.0,39.35
1386,Miles Sanders,PHI,RB,34.0,26.0,137.0,754.0,0.0,158.0,0.0,91.0,12,14.25,0.0,912.0,64.0
1387,Kenneth Gainwell,PHI,RB,50.0,33.0,68.0,291.0,5.0,253.0,1.0,90.0,1,118.0,6.0,544.0,4.661016949152542
1390,Kareem Hunt,CLE,RB,27.0,22.0,78.0,386.0,5.0,174.0,0.0,88.0,1,105.0,5.0,560.0,5.380952380952381
1394,Boston Scott,PHI,RB,16.0,13.0,87.0,373.0,7.0,83.0,0.0,86.0,4,25.75,7.0,456.0,17.980582524271846
1396,D'Onta Foreman,TEN,RB,11.0,9.0,133.0,566.0,3.0,123.0,0.0,85.0,3,48.0,3.0,689.0,14.416666666666666
1397,D'Ernest Johnson,CLE,RB,25.0,19.0,100.0,534.0,3.0,137.0,0.0,85.0,2,62.5,3.0,671.0,10.784
1398,J.D. McKissic,WAS,RB,53.0,43.0,48.0,212.0,2.0,397.0,2.0,85.0,3,33.666666666666664,4.0,609.0,18.20792079207921
1404,Brandon Bolden,NWE,RB,49.0,41.0,44.0,226.0,1.0,405.0,2.0,83.0,1,93.0,3.0,631.0,6.817204301075269
1406,Ty Johnson,NYJ,RB,55.0,34.0,61.0,238.0,2.0,372.0,2.0,83.0,3,38.666666666666664,4.0,610.0,15.879310344827587
1408,Mark Ingram,2TM,RB,35.0,27.0,160.0,554.0,2.0,162.0,0.0,82.0,10,19.5,2.0,716.0,36.82051282051282
1409,Zack Moss,BUF,RB,32.0,23.0,96.0,345.0,4.0,197.0,1.0,82.0,0,inf,5.0,542.0,0.0
1413,Rex Burkhead,HOU,RB,32.0,25.0,122.0,427.0,3.0,186.0,0.0,79.0,5,30.8,3.0,613.0,20.0
1422,Kenyan Drake,LVR,RB,40.0,30.0,63.0,254.0,2.0,291.0,1.0,73.0,2,51.5,3.0,545.0,10.640776699029127
1423,Nyheim Hines,IND,RB,57.0,40.0,56.0,276.0,2.0,310.0,1.0,73.0,4,28.25,3.0,586.0,20.849557522123895
1430,Ronald Jones II,TAM,RB,13.0,10.0,101.0,428.0,4.0,64.0,0.0,69.0,3,38.0,4.0,492.0,13.052631578947368
1434,Khalil Herbert,CHI,RB,16.0,14.0,103.0,433.0,2.0,96.0,0.0,65.0,2,59.5,2.0,529.0,8.92436974789916
1436,Justin Jackson,LAC,RB,25.0,22.0,68.0,364.0,2.0,178.0,0.0,64.0,2,46.5,2.0,542.0,11.698924731182796
1441,Jordan Howard,PHI,RB,5.0,2.0,86.0,406.0,3.0,19.0,0.0,61.0,0,inf,3.0,425.0,0.0
1445,Alex Collins,SEA,RB,10.0,9.0,108.0,411.0,2.0,87.0,0.0,60.0,6,19.666666666666668,2.0,498.0,25.423728813559322
1457,Samaje Perine,CIN,RB,31.0,27.0,55.0,246.0,1.0,196.0,1.0,56.0,0,inf,2.0,442.0,0.0
1460,Duke Johnson,MIA,RB,5.0,4.0,71.0,330.0,3.0,41.0,0.0,55.0,4,19.0,3.0,371.0,19.68421052631579
1463,Dontrell Hilliard,TEN,RB,26.0,19.0,56.0,350.0,2.0,87.0,0.0,54.0,5,16.4,2.0,437.0,26.76829268292683
1465,Ameer Abdullah,2TM,RB,53.0,38.0,51.0,166.0,0.0,289.0,1.0,52.0,1,104.0,1.0,455.0,4.384615384615385
1476,David Johnson,HOU,RB,42.0,32.0,67.0,228.0,0.0,225.0,1.0,49.0,4,27.25,1.0,453.0,16.660550458715598
1480,Derrick Gore,KAN,RB,9.0,8.0,51.0,256.0,2.0,105.0,0.0,48.0,0,inf,2.0,361.0,0.0
1483,Travis Homer,SEA,RB,20.0,16.0,21.0,177.0,1.0,161.0,0.0,46.0,0,inf,1.0,338.0,0.0
1485,Jeremy McNichols,TEN,RB,38.0,28.0,41.0,156.0,0.0,240.0,1.0,46.0,0,inf,1.0,396.0,0.0
1486,Jaret Patterson,WAS,RB,11.0,10.0,68.0,266.0,2.0,73.0,0.0,46.0,1,79.0,2.0,339.0,4.3164556962025316
1490,Damien Williams,CHI,RB,23.0,16.0,40.0,164.0,2.0,103.0,1.0,45.0,2,31.5,3.0,267.0,8.571428571428571
1491,Jeff Wilson,SFO,RB,8.0,7.0,79.0,294.0,2.0,31.0,0.0,45.0,4,21.75,2.0,325.0,15.03448275862069
1492,Kyle Juszczyk,SFO,RB,38.0,30.0,8.0,22.0,1.0,296.0,1.0,44.0,16,2.875,2.0,318.0,111.30434782608695
1500,Chris Carson,SEA,RB,6.0,6.0,54.0,232.0,3.0,29.0,0.0,42.0,4,15.0,3.0,261.0,17.6
1505,Tevin Coleman,NYJ,RB,16.0,11.0,84.0,356.0,0.0,49.0,0.0,41.0,5,20.0,0.0,405.0,20.25
1506,Phillip Lindsay,2TM,RB,5.0,4.0,88.0,249.0,1.0,45.0,1.0,41.0,1,93.0,2.0,294.0,3.182795698924731
1508,Peyton Barber,LVR,RB,13.0,10.0,55.0,212.0,2.0,67.0,0.0,40.0,1,68.0,2.0,279.0,4.132352941176471
1512,DeeJay Dallas,SEA,RB,23.0,21.0,33.0,138.0,2.0,133.0,0.0,39.0,0,inf,2.0,271.0,0.0
1526,Dare Ogunbowale,JAX,RB,21.0,13.0,43.0,137.0,1.0,114.0,1.0,37.0,2,32.0,2.0,251.0,7.90625
1527,Giovani Bernard,TAM,RB,29.0,23.0,8.0,58.0,0.0,123.0,3.0,36.0,0,inf,3.0,181.0,0.0
1528,Matt Breida,BUF,RB,9.0,7.0,26.0,125.0,1.0,72.0,2.0,36.0,0,inf,3.0,197.0,0.0
1534,Chris Evans,CIN,RB,17.0,15.0,17.0,77.0,0.0,151.0,2.0,35.0,1,34.0,2.0,228.0,6.764705882352941
1541,Carlos Hyde,JAX,RB,21.0,12.0,72.0,253.0,1.0,65.0,0.0,34.0,2,46.5,1.0,318.0,6.860215053763441
1545,Le'Veon Bell,2TM,RB,7.0,5.0,39.0,101.0,2.0,30.0,1.0,33.0,0,inf,3.0,131.0,0.0
1546,Demetric Felton,CLE,RB,21.0,18.0,7.0,24.0,0.0,181.0,2.0,33.0,2,14.0,2.0,205.0,14.785714285714286
1550,Ke'Shawn Vaughn,TAM,RB,8.0,4.0,36.0,180.0,2.0,26.0,0.0,33.0,1,44.0,2.0,206.0,4.7272727272727275
1551,Ty'Son Williams,BAL,RB,12.0,9.0,35.0,185.0,1.0,84.0,0.0,33.0,3,15.666666666666666,1.0,269.0,17.23404255319149
1561,Craig Reynolds,DET,RB,8.0,7.0,55.0,230.0,0.0,52.0,0.0,28.0,2,31.5,0.0,282.0,8.952380952380953
1563,Salvon Ahmed,MIA,RB,19.0,12.0,54.0,149.0,0.0,117.0,0.0,27.0,0,inf,0.0,266.0,0.0
1566,Jamycal Hasty,SFO,RB,29.0,23.0,16.0,68.0,1.0,157.0,0.0,27.0,0,inf,1.0,225.0,0.0
1568,Elijhaa Penny,NYG,RB,13.0,9.0,24.0,99.0,1.0,30.0,1.0,27.0,3,12.333333333333334,2.0,129.0,10.621621621621621
1570,Royce Freeman,2TM,RB,16.0,10.0,56.0,169.0,0.0,77.0,0.0,25.0,0,inf,0.0,246.0,0.0
1571,Trey Sermon,SFO,RB,4.0,3.0,41.0,167.0,1.0,26.0,0.0,25.0,2,22.5,1.0,193.0,8.622222222222222
1580,Corey Clement,DAL,RB,7.0,6.0,33.0,140.0,0.0,29.0,1.0,23.0,0,inf,1.0,169.0,0.0
1582,Jerick McKinnon,KAN,RB,20.0,13.0,12.0,62.0,0.0,107.0,1.0,23.0,0,inf,1.0,169.0,0.0
1583,Adrian Peterson,2TM,RB,4.0,4.0,38.0,98.0,2.0,8.0,0.0,23.0,3,14.0,2.0,106.0,7.714285714285714
1587,Eno Benjamin,ARI,RB,7.0,6.0,34.0,118.0,1.0,42.0,0.0,22.0,0,inf,1.0,160.0,0.0
1590,Jermar Jefferson,DET,RB,5.0,4.0,15.0,74.0,2.0,23.0,0.0,22.0,0,inf,2.0,97.0,0.0
1595,Malcolm Brown,MIA,RB,5.0,3.0,33.0,125.0,1.0,10.0,0.0,20.0,3,12.666666666666666,1.0,135.0,10.736842105263158
1597,Godwin Igwebuike,DET,RB,10.0,7.0,18.0,118.0,1.0,60.0,0.0,20.0,1,28.0,1.0,178.0,6.392857142857143
1600,Kene Nwangwu,MIN,RB,5.0,4.0,13.0,61.0,0.0,9.0,0.0,19.0,0,inf,0.0,70.0,0.0
1603,James White,NWE,RB,14.0,12.0,10.0,38.0,1.0,94.0,0.0,19.0,0,inf,1.0,132.0,0.0
1613,Tony Jones,NOR,RB,8.0,5.0,54.0,142.0,0.0,29.0,0.0,17.0,4,15.5,0.0,171.0,11.03225806451613
1614,Austin Walter,NYJ,RB,3.0,2.0,26.0,101.0,1.0,9.0,0.0,17.0,0,inf,1.0,110.0,0.0
1615,Jonathan Williams,WAS,RB,6.0,4.0,17.0,79.0,1.0,28.0,0.0,17.0,0,inf,1.0,107.0,0.0
1617,C.J. Ham,MIN,RB,18.0,17.0,7.0,34.0,0.0,125.0,0.0,16.0,8,3.125,0.0,159.0,50.88
1621,Qadree Ollison,ATL,RB,6.0,4.0,21.0,105.0,1.0,12.0,0.0,16.0,0,inf,1.0,117.0,0.0
1624,Alec Ingold,LVR,RB,12.0,10.0,2.0,1.0,0.0,85.0,1.0,15.0,3,4.666666666666667,1.0,86.0,18.642857142857142
1627,Larry Rountree,LAC,RB,2.0,1.0,36.0,87.0,1.0,-1.0,0.0,15.0,0,inf,1.0,86.0,0.0
1629,J.J. Taylor,NWE,RB,4.0,4.0,19.0,37.0,2.0,8.0,0.0,15.0,0,inf,2.0,45.0,0.0
1630,Patrick Taylor,GNB,RB,2.0,2.0,23.0,89.0,1.0,3.0,0.0,15.0,0,inf,1.0,92.0,0.0
1636,Wayne Gallman,2TM,RB,3.0,1.0,28.0,104.0,0.0,21.0,0.0,13.0,0,inf,0.0,125.0,0.0
1640,Patrick Ricard,BAL,RB,13.0,8.0,2.0,4.0,0.0,63.0,1.0,13.0,11,1.3636363636363635,1.0,67.0,49.86666666666667
1644,Michael Burton,KAN,RB,3.0,3.0,8.0,26.0,1.0,31.0,0.0,12.0,0,inf,1.0,57.0,0.0
1648,Joshua Kelley,LAC,RB,6.0,5.0,33.0,102.0,0.0,38.0,0.0,12.0,0,inf,0.0,140.0,0.0
1657,Marlon Mack,IND,RB,5.0,2.0,28.0,101.0,0.0,8.0,0.0,11.0,0,inf,0.0,109.0,0.0
1658,Jalen Richard,LVR,RB,14.0,12.0,9.0,40.0,0.0,72.0,0.0,11.0,0,inf,0.0,112.0,0.0
1662,Benny Snell Jr.,PIT,RB,4.0,2.0,36.0,98.0,0.0,13.0,0.0,11.0,0,inf,0.0,111.0,0.0
1664,Ryquell Armstead,JAX,RB,4.0,3.0,15.0,80.0,0.0,16.0,0.0,10.0,0,inf,0.0,96.0,0.0
1667,Jason Cabinda,DET,RB,7.0,4.0,3.0,23.0,0.0,16.0,1.0,10.0,4,2.5,1.0,39.0,16.0
1677,JaQuan Hardy,DAL,RB,0.0,0.0,4.0,29.0,1.0,0.0,0.0,9.0,0,inf,1.0,29.0,0.0
1678,Deon Jackson,IND,RB,0.0,0.0,13.0,31.0,1.0,0.0,0.0,9.0,0,inf,1.0,31.0,0.0
1679,Andy Janovich,CLE,RB,4.0,3.0,2.0,0.0,1.0,9.0,0.0,9.0,3,2.0,1.0,9.0,5.0
1682,Keith Smith,ATL,RB,10.0,9.0,9.0,31.0,0.0,56.0,0.0,9.0,8,2.375,0.0,87.0,36.63157894736842
1684,Alex Armah,2TM,RB,1.0,1.0,5.0,21.0,0.0,1.0,1.0,8.0,2,3.0,1.0,22.0,7.666666666666667
1695,Johnny Stanton,CLE,RB,2.0,2.0,3.0,5.0,0.0,7.0,1.0,7.0,0,inf,1.0,12.0,0.0
1696,Jonathan Ward,ARI,RB,4.0,3.0,9.0,33.0,0.0,34.0,0.0,7.0,0,inf,0.0,67.0,0.0
1699,Mike Boone,DEN,RB,2.0,2.0,4.0,35.0,0.0,22.0,0.0,6.0,0,inf,0.0,57.0,0.0
1708,Ito Smith,DAL,RB,0.0,0.0,1.0,4.0,1.0,0.0,0.0,6.0,0,inf,1.0,4.0,0.0
1709,Trayveon Williams,CIN,RB,2.0,1.0,15.0,51.0,0.0,4.0,0.0,6.0,0,inf,0.0,55.0,0.0
1712,Jason Huntley,PHI,RB,1.0,0.0,13.0,51.0,0.0,0.0,0.0,5.0,0,inf,0.0,51.0,0.0
1714,Wendell Smallwood,WAS,RB,5.0,4.0,5.0,25.0,0.0,22.0,0.0,5.0,0,inf,0.0,47.0,0.0
1715,Rodney Smith,CAR,RB,5.0,5.0,0.0,0.0,0.0,48.0,0.0,5.0,0,inf,0.0,48.0,0.0
1719,Kalen Ballage,PIT,RB,7.0,2.0,12.0,36.0,0.0,8.0,0.0,4.0,0,inf,0.0,44.0,0.0
1727,Jakob Johnson,NWE,RB,5.0,4.0,0.0,0.0,0.0,43.0,0.0,4.0,6,0.8333333333333334,0.0,43.0,51.599999999999994
1740,Reggie Gilliam,BUF,RB,5.0,3.0,3.0,3.0,0.0,23.0,0.0,3.0,5,1.6,0.0,26.0,16.25
1743,Kylin Hill,GNB,RB,2.0,1.0,10.0,24.0,0.0,5.0,0.0,3.0,0,inf,0.0,29.0,0.0
1748,Gabe Nabers,LAC,RB,3.0,3.0,3.0,8.0,0.0,17.0,0.0,3.0,1,6.0,0.0,25.0,4.166666666666667
1750,La'Mical Perine,NYJ,RB,0.0,0.0,8.0,31.0,0.0,0.0,0.0,3.0,0,inf,0.0,31.0,0.0
1754,Dwayne Washington,NOR,RB,2.0,2.0,4.0,16.0,0.0,12.0,0.0,3.0,0,inf,0.0,28.0,0.0
1758,Nick Bawden,NYJ,RB,1.0,1.0,0.0,0.0,0.0,20.0,0.0,2.0,1,1.0,0.0,20.0,20.0
1760,Reggie Bonnafon,CAR,RB,2.0,2.0,1.0,4.0,0.0,12.0,0.0,2.0,0,inf,0.0,16.0,0.0
1764,Darrynton Evans,TEN,RB,2.0,2.0,2.0,7.0,0.0,11.0,0.0,2.0,0,inf,0.0,18.0,0.0
1769,Patrick Laird,MIA,RB,3.0,3.0,1.0,4.0,0.0,17.0,0.0,2.0,0,inf,0.0,21.0,0.0
1770,Raheem Mostert,SFO,RB,0.0,0.0,2.0,20.0,0.0,0.0,0.0,2.0,1,2.0,0.0,20.0,10.0
1772,Scottie Phillips,HOU,RB,3.0,2.0,6.0,13.0,0.0,9.0,0.0,2.0,0,inf,0.0,22.0,0.0
1773,Adam Prentice,NOR,RB,3.0,3.0,3.0,5.0,0.0,16.0,0.0,2.0,3,2.0,0.0,21.0,10.5
1774,Trey Ragas,LVR,RB,2.0,2.0,1.0,9.0,0.0,6.0,0.0,2.0,0,inf,0.0,15.0,0.0
1775,Jaylen Samuels,HOU,RB,4.0,3.0,5.0,9.0,0.0,14.0,0.0,2.0,0,inf,0.0,23.0,0.0
1780,Derek Watt,PIT,RB,3.0,3.0,1.0,1.0,0.0,15.0,0.0,2.0,4,1.0,0.0,16.0,16.0
1782,Cam Akers,LAR,RB,3.0,3.0,5.0,3.0,0.0,10.0,0.0,1.0,0,inf,0.0,13.0,0.0
1786,Gary Brightwell,NYG,RB,1.0,1.0,1.0,4.0,0.0,6.0,0.0,1.0,0,inf,0.0,10.0,0.0
1789,Damarea Crockett,DEN,RB,0.0,0.0,3.0,7.0,0.0,0.0,0.0,1.0,0,inf,0.0,7.0,0.0
1793,Jake Funk,LAR,RB,0.0,0.0,2.0,5.0,0.0,0.0,0.0,1.0,0,inf,0.0,5.0,0.0
1797,Buddy Howell,LAR,RB,0.0,0.0,5.0,11.0,0.0,0.0,0.0,1.0,0,inf,0.0,11.0,0.0
1799,John Kelly,CLE,RB,0.0,0.0,2.0,13.0,0.0,0.0,0.0,1.0,0,inf,0.0,13.0,0.0
1802,Anthony McFarland Jr.,PIT,RB,1.0,1.0,3.0,3.0,0.0,11.0,0.0,1.0,0,inf,0.0,14.0,0.0
1807,Ryan Nall,CHI,RB,1.0,1.0,1.0,4.0,0.0,4.0,0.0,1.0,0,inf,0.0,8.0,0.0
1808,Jacques Patrick,SFO,RB,0.0,0.0,2.0,12.0,0.0,0.0,0.0,1.0,0,inf,0.0,12.0,0.0
1811,Mekhi Sargent,3TM,RB,1.0,0.0,5.0,11.0,0.0,0.0,0.0,1.0,0,inf,0.0,11.0,0.0
1826,Kenjon Barner,TAM,RB,0.0,0.0,4.0,0.0,0.0,0.0,0.0,,0,inf,0.0,0.0,0.0
1828,Nick Bellore,SEA,RB,1.0,1.0,0.0,0.0,0.0,4.0,0.0,,0,inf,0.0,4.0,0.0
1840,Nathan Cottrell,JAX,RB,0.0,0.0,1.0,3.0,0.0,0.0,0.0,,0,inf,0.0,3.0,0.0
1874,Nate McCrary,BAL,RB,0.0,0.0,1.0,-1.0,0.0,0.0,0.0,,0,inf,0.0,-1.0,-0.0
1880,Devine Ozigbo,2TM,RB,1.0,1.0,1.0,-3.0,0.0,7.0,0.0,,0,inf,0.0,4.0,0.0
1906,Khari Blasingame,TEN,RB,2.0,2.0,3.0,6.0,0.0,4.0,0.0,-1.0,3,1.6666666666666667,0.0,10.0,6.0
1913,Trenton Cannon,2TM,RB,0.0,0.0,3.0,4.0,0.0,0.0,0.0,-2.0,0,inf,0.0,4.0,0.0
